1 1 879 424 419 511
2 1 879 427 418 509
3 1 879 424 418 510
4 1 879 420 421 513
5 1 877 419 421 514
6 1 866 423 423 515
7 1 858 426 422 516
8 1 857 424 422 516
9 1 861 416 422 516
10 1 866 405 424 518
11 1 868 397 425 521
12 1 870 394 428 524
13 1 872 393 429 527
14 1 872 390 431 529
15 1 875 385 431 529
16 1 884 379 432 530
17 1 893 371 433 532
18 1 903 368 434 534
19 1 909 368 438 538
20 1 916 369 439 541
21 1 919 368 446 550
22 1 927 372 446 551
23 1 935 377 446 552
24 1 944 383 447 553
25 1 950 386 449 555
26 1 956 385 452 558
27 1 960 381 456 563
28 1 965 375 462 570
29 1 970 372 466 575
30 1 971 372 473 583
31 1 976 375 475 587
32 1 979 383 476 587
33 1 974 390 483 596
34 1 969 399 484 598
35 1 965 410 484 598
36 1 960 417 478 592
37 1 943 418 470 586
38 1 934 414 464 582
39 1 926 406 456 577
40 1 917 398 455 578
41 1 919 395 449 573
42 1 920 389 447 574
43 1 924 381 446 577
44 1 927 374 443 577
45 1 927 363 443 580
46 1 929 354 441 579
47 1 931 347 440 581
48 1 932 343 438 581
49 1 933 341 436 580
50 1 936 340 434 580
51 1 937 338 433 579
52 1 938 335 433 580
53 1 937 334 432 582
54 1 937 337 431 583
55 1 937 341 433 587
56 1 938 346 434 591
57 1 938 356 431 587
58 1 936 365 428 584
59 1 933 367 430 585
60 1 928 355 437 594
61 1 919 339 443 603
62 1 911 331 444 603
63 1 900 326 444 601
64 1 887 318 446 602
65 1 874 306 451 607
66 1 861 291 453 609
67 1 850 274 458 613
68 1 840 258 462 617
69 1 827 242 467 621
70 1 812 229 471 622
71 1 796 211 480 632
72 1 783 196 487 639
73 1 767 181 495 649
74 1 755 171 502 658
75 1 747 161 511 668
76 1 742 156 519 676
77 1 737 155 523 682
78 1 736 156 525 683
79 1 734 155 527 684
80 1 735 153 527 683
81 1 736 150 528 683
82 1 739 142 530 684
83 1 739 134 534 687
84 1 739 124 542 695
85 1 734 116 549 703
86 1 729 107 554 710
87 1 720 94 563 721
88 1 710 80 572 733
89 1 699 59 582 745
90 1 690 37 594 759
91 1 683 15 609 777
92 1 678 4 616 783
93 1 679 1 619 781
94 1 679 1 619 781
95 1 679 1 619 781
96 1 679 1 619 781
97 1 679 1 619 781
98 1 679 1 619 781
99 1 679 1 619 781
100 1 679 1 619 781
101 1 679 1 619 781
102 1 679 1 619 781
103 1 679 1 619 781
104 1 679 1 619 781
105 1 679 1 619 781
106 1 679 1 619 781
107 1 663 0 720 904
108 1 645 4 777 978
109 1 637 36 793 1000
110 1 638 76 787 990
111 1 644 112 768 965
112 1 647 136 757 944
113 1 651 148 751 932
114 1 651 154 750 926
115 1 644 156 751 924
116 1 640 159 750 921
117 1 636 167 747 913
118 1 632 181 739 899
119 1 642 202 726 878
120 1 655 223 707 853
121 1 664 249 689 823
122 1 677 273 677 798
123 1 681 296 665 775
124 1 677 316 655 756
125 1 676 337 646 736
126 1 673 352 638 720
127 1 673 362 636 709
128 1 670 367 638 705
129 1 657 373 637 699
130 1 642 379 637 693
131 1 622 377 643 695
132 1 597 370 651 701
133 1 563 356 662 713
134 1 542 339 676 729
135 1 514 323 689 748
136 1 488 309 698 763
137 1 469 290 707 781
138 1 454 269 718 801
139 1 442 251 725 819
140 1 432 236 730 833
141 1 429 226 729 842
142 1 429 217 725 847
143 1 443 210 723 848
144 1 446 203 715 847
145 1 444 196 708 846
146 1 447 186 705 849
147 1 454 179 703 852
148 1 458 173 701 856
149 1 462 168 699 857
150 1 473 164 695 859
151 1 481 162 690 859
152 1 482 159 685 856
153 1 487 151 678 850
154 1 493 135 675 849
155 1 491 119 674 850
156 1 492 105 674 852
157 1 494 91 675 854
158 1 496 76 677 857
159 1 499 62 681 862
160 1 502 52 686 868
161 1 505 48 689 870
162 1 507 46 693 876
163 1 508 43 699 885
164 1 515 38 705 894
165 1 521 30 712 903
166 1 528 24 718 912
167 1 533 23 725 921
168 1 535 36 731 929
169 1 531 60 742 945
170 1 538 92 746 952
171 1 553 125 739 939
171 3 21 819 334 259
172 1 574 159 723 916
172 3 29 830 321 249
173 1 607 197 701 877
173 3 34 836 314 242
174 1 643 230 685 843
174 3 33 833 319 244
175 1 673 258 671 814
175 3 27 822 336 255
176 1 708 289 658 784
176 3 25 812 350 264
176 4 450 662 210 293
177 1 745 329 641 746
177 3 23 807 357 268
177 4 458 657 215 299
178 1 772 370 621 706
178 3 20 804 363 271
178 4 462 655 217 303
179 1 808 405 608 670
179 3 15 797 374 279
179 4 466 646 220 305
180 1 836 429 602 646
180 3 8 784 393 292
181 1 854 441 604 634
181 3 0 763 417 313
182 1 863 450 611 626
183 1 862 452 619 625
184 1 863 452 625 623
185 1 858 448 634 626
186 1 848 447 641 629
187 1 840 446 645 630
188 1 825 438 655 639
189 1 813 430 661 646
190 1 807 428 659 647
191 1 797 423 658 651
191 3 0 491 497 504
192 1 802 419 657 655
192 3 0 465 487 514
193 1 813 418 654 657
193 3 0 443 477 512
194 1 812 414 652 661
194 3 0 422 468 513
195 1 811 414 645 661
195 3 0 405 457 516
196 1 821 417 638 658
196 3 0 397 450 514
197 1 835 417 632 659
197 3 0 391 446 510
198 1 835 413 629 663
198 3 0 380 441 514
199 1 840 411 625 665
199 3 0 371 437 518
199 6 0 213 291 195
200 1 850 407 620 667
200 3 0 364 435 518
200 6 2 208 293 196
200 7 1137 251 326 255
201 1 856 397 621 677
201 3 0 355 432 517
201 6 5 201 292 195
201 7 1114 237 381 300
202 1 854 379 627 693
202 3 0 343 427 513
202 6 6 188 291 193
202 7 1076 219 466 369
203 1 854 360 633 710
203 3 0 328 425 515
203 6 9 175 285 190
203 7 1096 199 430 341
204 1 858 343 628 715
204 3 0 314 422 513
204 6 8 161 284 188
204 7 1083 180 466 374
205 1 858 329 621 716
205 3 0 304 417 511
205 6 6 152 282 186
205 7 927 163 825 682
206 1 858 322 610 713
206 3 0 293 413 512
206 6 6 146 276 182
207 1 858 316 602 710
207 3 0 282 409 516
207 6 8 139 270 177
208 1 854 310 595 709
208 3 0 273 402 520
208 6 6 130 268 175
209 1 847 307 588 709
209 3 0 268 395 518
209 6 5 124 260 170
210 1 842 311 579 705
210 3 0 266 388 518
210 6 5 123 255 166
211 1 834 317 570 700
211 3 0 262 381 518
211 6 0 120 255 166
211 8 1084 129 383 403
212 1 825 327 559 693
212 3 0 259 374 518
212 6 0 118 251 165
212 8 1068 124 395 418
213 1 819 338 551 689
213 3 0 258 369 519
213 6 0 118 247 164
213 8 1065 125 387 409
214 1 817 349 543 685
214 3 0 259 365 518
214 6 0 119 246 164
214 8 1078 128 356 376
215 1 815 361 535 679
215 3 0 261 362 518
215 6 0 121 244 163
215 8 1068 131 371 393
216 1 818 366 529 675
216 3 0 264 360 516
216 6 0 124 244 161
216 8 1058 133 405 433
217 1 819 366 523 670
217 3 0 267 359 513
217 6 2 127 245 159
217 8 1082 135 411 437
218 1 815 364 520 668
218 3 0 266 359 512
218 6 4 127 245 159
218 8 1073 135 425 454
219 1 815 365 515 666
219 3 0 265 361 511
219 6 6 127 249 161
219 8 989 136 643 706
220 1 815 370 510 662
220 3 0 266 364 508
220 6 8 129 253 162
220 8 972 139 694 785
221 1 822 380 502 655
221 3 1 269 367 506
221 6 9 132 260 166
221 8 964 145 699 818
222 1 833 389 497 651
222 3 8 275 368 503
222 6 13 138 268 168
223 1 845 398 494 650
223 3 15 285 369 497
223 6 21 147 268 165
223 9 1524 38 239 305
224 1 860 410 487 644
224 3 22 297 368 491
224 6 30 156 275 168
224 9 1533 51 236 300
224 10 1129 178 363 445
225 1 880 427 481 638
225 3 30 311 372 487
225 6 48 169 282 171
225 9 1546 67 235 298
225 10 1144 192 358 440
226 1 905 443 473 629
226 3 39 327 378 480
226 6 26 184 328 197
226 9 1565 81 235 299
226 10 1177 208 360 441
227 1 940 456 467 619
227 3 51 342 384 473
227 6 21 197 367 221
227 9 1588 94 235 298
227 10 1199 226 354 433
228 1 980 476 453 600
228 3 64 359 394 467
228 6 52 213 375 225
228 9 1620 107 237 300
228 10 1230 243 357 437
229 1 1024 492 443 583
229 3 77 369 410 467
229 6 90 228 379 227
229 9 1655 122 240 302
229 10 1266 261 349 427
230 1 1061 508 436 568
230 3 99 379 421 463
230 6 126 239 381 230
230 9 1676 141 239 302
230 10 1298 277 343 419
231 1 1098 522 432 555
231 3 129 383 432 462
231 6 160 246 384 232
231 9 1696 155 224 301
231 10 1334 291 341 416
232 1 1177 530 444 547
232 3 165 387 437 456
232 6 197 250 386 235
232 10 1371 300 340 413
233 1 1199 535 451 542
233 3 194 387 443 453
233 6 231 251 382 234
233 10 1406 307 335 403
234 1 1238 541 462 536
234 3 222 388 449 451
234 6 252 252 396 246
234 10 1436 314 335 400
235 1 1285 548 473 528
235 3 253 394 451 446
235 6 284 257 393 246
235 10 1462 325 340 402
236 1 1314 556 485 519
236 3 277 399 456 445
236 6 307 263 391 248
236 10 1487 333 334 390
237 1 1328 561 498 513
237 3 294 400 460 444
237 6 323 266 392 252
237 10 1510 339 316 362
238 1 1338 561 513 513
238 3 312 398 463 444
238 6 339 266 398 260
238 10 1531 343 308 346
239 1 1343 561 526 513
239 3 331 397 463 440
239 6 353 265 397 262
239 10 1549 344 306 335
240 1 1346 557 538 518
240 3 344 392 465 437
240 6 367 260 394 264
240 10 1564 343 308 330
241 1 1329 557 537 518
241 3 362 388 467 437
241 6 384 258 393 266
241 10 1580 344 305 320
241 12 907 301 264 326
242 1 1335 559 536 516
242 3 377 386 471 438
242 6 401 257 385 265
242 10 1588 348 307 315
242 12 920 303 264 325
243 1 1350 564 532 511
243 3 389 387 475 439
243 6 412 258 382 264
243 10 1585 353 327 334
243 12 932 306 264 326
244 1 1370 567 532 507
244 3 404 389 475 439
244 6 427 260 375 261
244 10 1596 360 317 321
244 12 945 310 264 326
245 1 1388 573 527 502
245 3 418 393 478 440
245 6 447 263 367 258
245 10 1591 367 329 347
245 12 960 315 265 327
246 1 1400 578 520 496
246 3 428 395 483 442
246 6 459 265 364 257
246 10 1598 373 322 350
246 12 971 319 266 327
247 1 1413 585 507 487
247 3 441 398 486 443
247 6 467 267 363 257
247 10 1618 379 302 320
247 12 982 323 265 326
248 1 1428 591 492 482
248 3 459 402 489 445
248 6 484 271 357 253
248 10 1633 384 287 300
248 12 997 327 266 329
249 1 1441 596 479 476
249 3 472 404 493 448
249 6 499 273 355 251
249 10 1648 391 272 283
249 12 1010 330 268 331
250 1 1456 602 464 470
250 3 485 405 496 450
250 6 508 274 358 255
250 10 1659 398 261 271
250 12 1023 334 269 330
251 1 1471 605 449 467
251 3 502 406 498 450
251 6 520 275 360 257
251 10 1670 401 250 263
251 12 1038 337 268 330
252 1 1487 608 433 462
252 3 520 407 498 449
252 6 537 276 354 253
252 12 1052 338 270 330
253 1 1505 610 415 459
253 3 540 409 498 447
253 6 550 276 357 255
253 12 1069 340 270 331
254 1 1520 613 400 457
254 3 557 411 499 446
254 6 559 278 362 259
254 12 1082 343 272 331
255 1 1536 614 384 456
255 3 572 412 500 445
255 6 571 278 360 259
255 12 1094 344 274 334
256 1 1553 612 367 458
256 3 588 408 505 450
256 6 586 277 358 257
256 12 1108 343 274 333
257 3 607 404 508 450
257 6 599 276 359 258
257 12 1123 341 274 333
258 3 624 404 510 451
258 6 611 276 361 259
258 12 1136 341 276 334
259 3 641 404 512 451
259 6 625 275 362 261
259 12 1151 340 276 334
260 3 661 402 513 451
260 6 632 272 373 270
260 12 1168 340 276 332
261 3 682 398 507 444
261 6 647 269 370 268
261 12 1181 338 279 335
262 3 695 395 516 450
262 6 661 267 371 269
262 12 1197 337 281 335
263 3 714 393 520 452
263 6 677 266 368 268
263 12 1216 338 281 335
264 3 729 388 528 460
264 6 684 261 372 272
264 12 1229 336 282 336
265 3 739 382 536 466
265 6 692 258 375 275
265 12 1240 332 283 337
266 3 750 380 540 469
266 6 700 257 379 279
266 12 1252 332 284 338
267 3 762 380 539 466
267 6 709 258 378 279
267 12 1263 333 285 338
268 3 776 380 542 468
268 6 713 258 379 281
268 12 1270 333 285 337
269 3 790 381 543 469
269 6 718 259 382 284
269 12 1278 333 287 339
270 3 803 384 543 469
270 6 719 262 386 289
270 12 1285 334 289 340
271 3 811 390 546 471
271 6 721 267 387 291
271 12 1292 337 289 339
272 3 819 393 550 475
272 6 725 271 386 291
272 12 1299 338 290 340
273 3 829 395 550 475
273 6 730 272 386 292
273 12 1304 340 291 339
274 3 839 394 555 481
274 6 740 273 383 290
274 12 1314 342 293 339
275 3 848 394 557 483
275 6 744 273 385 292
275 12 1322 342 293 339
276 3 857 393 560 486
276 6 749 272 387 294
276 12 1329 340 295 340
277 3 867 392 563 489
277 6 750 272 392 299
277 12 1335 338 297 340
278 3 874 391 564 491
278 6 753 273 394 302
278 12 1339 338 299 340
279 3 880 386 564 491
279 6 751 271 399 306
279 12 1343 335 301 341
280 3 881 381 564 491
280 6 747 266 401 310
280 12 1342 331 303 342
281 3 882 378 565 490
281 6 744 263 403 312
281 12 1343 328 304 341
282 3 882 376 563 488
282 6 739 260 406 317
282 12 1341 325 304 341
283 3 874 372 565 491
283 6 733 257 406 319
283 12 1335 322 305 342
284 3 870 371 568 493
284 6 727 256 409 322
284 12 1331 321 308 342
285 3 870 371 570 494
285 6 725 258 409 324
285 12 1330 321 310 342
286 3 864 369 575 498
286 6 721 257 408 325
286 12 1327 320 312 344
287 3 860 367 579 501
287 6 718 255 405 323
287 12 1324 319 314 345
288 3 857 366 583 505
288 6 717 254 404 322
288 12 1324 318 316 346
289 3 854 367 588 508
289 6 717 254 401 321
289 12 1323 318 319 348
290 3 850 367 591 511
290 6 710 253 406 325
290 12 1320 317 321 349
291 3 844 366 595 515
291 6 702 252 410 329
291 12 1315 315 324 350
292 3 835 365 600 519
292 6 698 252 406 326
292 12 1311 313 325 352
293 3 823 365 603 522
293 6 690 252 406 327
293 12 1305 312 327 352
294 3 810 364 604 523
294 6 677 252 407 327
294 12 1296 311 329 353
295 3 801 364 605 524
295 6 670 253 407 328
295 12 1290 310 331 355
296 3 790 366 610 528
296 6 659 253 410 330
296 12 1282 309 333 356
297 3 778 368 619 536
297 6 650 255 408 328
297 12 1274 309 338 359
298 3 771 372 628 544
298 6 646 259 406 326
298 12 1273 311 340 362
299 3 763 374 634 551
299 6 644 263 404 324
299 12 1272 313 341 363
300 3 755 374 640 557
300 6 638 262 406 326
300 12 1269 312 344 365
301 3 751 375 648 565
301 6 637 262 409 327
301 12 1273 311 347 368
302 3 747 377 657 573
302 6 635 263 414 332
302 12 1277 312 352 372
303 3 742 381 662 579
303 6 627 266 421 337
303 12 1277 315 356 375
304 3 740 390 664 582
304 6 621 270 427 342
304 12 1277 319 359 378
305 3 740 398 669 586
305 6 616 275 437 351
305 12 1281 325 360 379
306 3 738 405 673 591
306 6 615 278 439 354
306 12 1283 329 364 384
307 3 734 409 680 597
307 6 613 279 441 354
307 12 1285 331 367 386
308 3 732 409 687 604
308 6 615 278 442 356
308 12 1290 332 371 390
309 3 732 405 694 612
309 6 617 276 445 358
309 12 1296 329 377 394
310 3 730 402 702 619
310 6 619 273 447 360
310 12 1300 323 383 400
311 3 725 401 711 627
311 6 617 271 449 361
311 12 1301 321 388 403
312 3 720 401 719 634
312 6 617 270 449 362
312 12 1304 320 391 406
313 3 717 396 724 639
313 6 611 265 455 366
313 12 1305 315 394 408
314 3 711 382 732 647
314 6 606 252 456 367
314 12 1304 304 397 411
315 3 708 371 734 649
315 6 606 240 457 368
315 12 1308 292 401 414
316 3 702 359 740 652
316 6 605 231 454 365
316 12 1310 282 400 413
317 3 687 349 748 655
317 6 601 223 452 364
317 12 1306 272 402 413
318 3 672 337 758 661
318 6 597 214 458 367
318 12 1305 264 404 415
319 3 650 331 769 663
319 6 596 208 458 368
319 12 1303 256 404 416
320 3 649 326 774 665
320 6 593 203 459 369
320 12 1300 251 404 417
321 3 636 324 781 667
321 6 593 202 454 364
321 12 1294 250 405 419
322 3 625 324 788 668
322 6 594 203 452 361
322 12 1291 251 405 419
323 3 630 323 788 666
323 6 593 201 448 356
323 12 1288 247 404 420
324 3 630 321 791 667
324 6 586 199 450 357
324 12 1278 245 402 420
325 3 621 322 792 666
325 6 581 200 452 357
325 12 1275 245 399 419
326 3 624 322 788 664
326 6 569 199 461 365
326 12 1269 244 396 417
327 3 598 320 791 664
327 6 557 199 458 362
327 12 1251 242 393 417
328 3 581 321 793 665
328 6 548 200 456 360
328 12 1238 242 390 417
329 3 572 322 793 664
329 6 544 203 454 356
329 12 1233 244 387 416
330 3 563 321 791 662
330 6 526 199 466 368
330 12 1228 243 385 415
331 3 558 321 790 661
331 6 516 199 469 370
331 12 1218 241 383 416
332 3 549 322 790 662
332 6 510 200 466 368
332 12 1216 241 385 416
333 3 535 324 786 661
333 6 502 203 455 358
333 12 1204 243 384 415
334 3 512 326 785 661
334 6 479 205 461 363
334 12 1192 248 381 412
335 3 494 334 782 657
335 6 470 213 458 360
335 12 1183 253 383 411
336 3 478 339 779 655
336 6 460 218 453 356
336 12 1160 256 379 411
337 3 458 340 778 652
337 6 446 215 451 353
337 12 1141 257 375 410
338 3 445 338 779 652
338 6 431 213 456 356
338 12 1129 258 373 407
339 3 439 334 778 651
339 6 427 209 453 352
339 12 1136 256 372 405
340 3 430 327 778 652
340 6 420 201 455 353
340 12 1141 252 376 404
341 3 426 323 776 651
341 6 418 195 449 348
341 12 1143 249 379 404
342 3 422 321 774 651
342 6 417 196 445 344
342 12 1142 248 381 404
343 3 417 321 772 650
343 6 413 198 443 341
343 12 1144 249 382 402
344 3 412 321 770 648
344 6 408 201 445 340
344 12 1147 251 385 401
345 3 407 321 767 647
345 6 403 202 447 340
345 12 1148 252 388 400
346 3 403 322 763 644
346 6 399 202 447 340
346 12 1149 252 387 395
347 3 395 322 760 642
347 6 393 202 445 337
347 12 1149 251 387 392
348 3 387 320 758 641
348 6 385 200 446 336
348 12 1149 248 392 392
349 3 379 320 759 642
349 6 379 201 445 334
349 12 1148 246 402 397
350 3 371 322 758 641
350 6 370 201 449 338
350 12 1149 249 403 393
351 3 361 326 759 643
351 6 364 206 450 337
351 12 1143 254 410 396
352 3 358 335 754 638
352 6 359 211 449 337
352 12 1137 260 411 396
353 3 356 341 751 636
353 6 356 216 450 336
353 12 1136 264 414 397
354 3 350 343 753 638
354 6 351 218 452 338
354 12 1134 266 416 397
355 3 343 347 752 636
355 6 346 220 453 337
355 12 1130 268 418 398
356 3 338 352 750 635
356 6 341 224 454 337
356 12 1121 270 421 402
357 3 332 358 751 635
357 6 336 228 452 335
357 12 1118 273 422 403
358 3 324 359 757 640
358 6 325 226 465 345
358 12 1115 276 424 403
359 3 324 363 755 640
359 6 321 227 468 348
359 12 1111 278 421 401
360 3 325 365 755 639
360 6 320 226 470 351
360 12 1101 277 417 401
361 3 324 360 760 644
361 6 322 225 471 351
361 12 1119 274 421 403
362 3 326 360 761 645
362 6 328 229 461 344
362 12 1127 268 425 405
363 3 330 365 759 644
363 6 330 231 464 346
363 12 1132 262 430 407
364 3 331 365 763 647
364 6 332 233 466 348
364 12 1134 251 435 410
365 3 332 367 766 650
365 6 333 237 468 348
365 12 1132 238 437 411
366 3 331 369 769 654
366 6 334 240 465 347
366 12 1127 223 439 413
367 3 330 373 771 656
367 6 334 245 463 345
367 12 1104 205 431 411
368 3 327 379 769 656
368 6 330 249 464 347
368 12 1092 181 423 408
369 3 327 384 767 656
369 6 327 251 467 349
369 12 1119 150 425 405
370 3 325 388 766 655
370 6 326 254 467 349
371 3 323 390 766 656
371 6 326 256 465 347
372 3 322 393 767 659
372 6 327 260 465 348
373 3 324 405 758 650
373 6 326 266 466 349
374 3 324 417 751 645
374 6 324 273 467 351
375 3 323 426 745 638
375 6 318 280 471 356
376 3 319 434 740 633
376 6 312 287 471 356
377 3 314 440 736 628
377 6 307 293 469 355
378 3 309 447 733 623
378 6 301 296 471 358
379 3 305 453 728 618
379 6 292 302 475 361
380 3 305 461 721 610
380 6 287 308 475 364
381 3 307 468 715 602
381 6 285 314 478 366
382 3 306 470 717 602
382 6 286 317 475 366
383 3 307 473 716 600
383 6 286 319 476 367
384 3 306 474 717 600
384 6 286 321 473 366
385 3 306 475 718 599
385 6 285 321 474 367
386 3 310 480 714 594
386 6 293 328 465 361
387 3 313 487 708 587
387 6 290 333 469 366
388 3 315 492 705 583
388 6 290 339 467 365
389 3 316 493 705 581
389 6 293 341 464 364
390 3 316 491 709 583
390 6 296 337 461 361
391 3 316 487 715 587
391 6 298 328 464 364
392 3 316 485 718 589
392 6 299 324 465 365
393 3 321 487 717 587
393 6 302 326 466 366
394 3 322 489 716 585
394 6 305 328 461 364
395 3 319 488 718 586
395 6 303 328 461 363
396 3 314 484 722 589
396 6 302 325 460 362
397 3 309 480 726 593
397 6 300 323 458 361
398 3 304 475 731 597
398 6 297 321 459 362
399 3 299 472 734 599
399 6 295 321 458 361
400 3 297 469 736 602
400 6 293 320 458 361
401 3 294 468 736 601
401 6 293 318 455 359
402 3 294 467 737 602
402 6 293 316 456 359
403 3 292 464 738 604
403 6 293 315 452 356
404 3 290 462 739 605
404 6 293 313 449 353
405 3 291 461 741 606
405 6 294 313 450 353
406 3 291 458 741 608
406 6 295 310 450 352
407 3 288 452 745 613
407 6 299 305 444 345
408 3 289 449 747 616
408 6 301 302 445 346
409 3 291 450 744 614
409 6 302 303 446 346
410 3 290 450 742 614
410 6 300 303 447 346
411 3 290 448 740 612
411 6 305 303 438 337
412 3 292 446 741 615
412 6 305 300 441 338
413 3 293 442 744 618
413 6 307 297 441 336
414 3 295 436 747 622
414 6 308 292 447 340
415 3 301 431 748 625
415 6 309 286 455 347
416 3 307 428 748 626
416 6 313 284 455 348
417 3 311 424 748 629
417 6 316 282 456 349
418 3 320 421 746 628
418 6 322 279 455 347
419 3 326 417 745 627
419 6 329 274 451 344
420 3 330 409 748 631
420 6 333 269 451 344
421 3 335 401 749 635
421 6 335 264 455 346
422 3 339 396 748 634
422 6 342 261 449 341
423 3 345 391 745 633
423 6 345 256 449 341
424 3 352 386 742 630
424 6 347 251 454 345
425 3 356 383 741 629
425 6 348 248 457 348
426 3 358 382 739 628
426 6 348 248 458 348
427 3 360 382 739 629
427 6 351 248 456 347
428 3 363 383 737 627
428 6 352 249 457 348
429 3 368 383 735 626
429 6 355 250 453 345
430 3 375 383 736 626
430 6 359 251 452 343
431 3 383 379 737 629
431 6 362 249 454 346
432 3 390 375 741 633
432 6 367 246 458 348
433 3 399 374 743 636
433 6 376 244 457 348
434 3 407 375 743 637
434 6 382 244 457 349
434 14 1097 233 396 424
435 3 414 379 740 635
435 6 386 245 457 349
435 14 1096 243 401 431
436 3 419 378 741 637
436 6 391 245 461 352
436 14 1139 255 403 429
437 3 423 378 740 636
437 6 394 245 462 353
437 14 1153 266 404 427
438 3 426 379 739 636
438 6 396 245 462 353
438 14 1158 276 408 427
439 3 429 379 739 637
439 6 398 244 461 353
439 14 1160 285 415 430
440 3 432 378 737 636
440 6 400 244 458 351
440 14 1160 292 425 435
441 3 435 375 737 636
441 6 400 242 460 352
441 14 1166 300 426 431
442 3 436 373 737 636
442 6 402 240 457 350
442 14 1165 308 426 427
443 3 437 372 738 637
443 6 403 237 456 349
443 14 1133 316 421 425
444 3 439 371 737 636
444 6 404 235 454 347
444 14 1130 316 420 425
445 3 442 370 733 632
445 6 405 233 454 347
445 14 1147 314 424 426
446 3 439 366 731 629
446 6 404 230 455 348
446 14 1134 309 423 427
447 3 438 362 729 626
447 6 403 227 455 347
447 14 1122 303 419 428
448 3 437 357 731 627
448 6 402 224 455 348
448 14 1119 299 414 426
449 3 437 352 732 628
449 6 406 223 445 339
449 14 1119 293 410 426
450 3 442 349 728 622
450 6 406 219 442 335
450 14 1119 287 408 427
451 3 439 345 731 627
451 6 406 215 443 336
451 14 1134 284 412 430
452 3 439 342 733 628
452 6 406 212 444 336
452 14 1127 281 407 429
453 3 440 340 734 628
453 6 407 210 444 336
453 14 1147 280 412 429
454 3 440 337 735 629
454 6 407 207 448 338
454 14 1155 279 415 428
455 3 439 332 739 633
455 6 409 203 450 340
455 14 1166 278 421 427
456 3 438 328 741 635
456 6 408 200 453 341
456 14 1171 276 427 426
457 3 438 326 742 635
457 6 407 198 456 343
457 14 1173 273 433 427
458 3 438 325 743 637
458 6 407 198 457 344
458 14 1172 272 440 427
459 3 439 327 742 637
459 6 404 196 460 348
459 14 1171 274 445 427
460 3 440 329 743 636
460 6 402 195 465 353
460 14 1169 275 448 427
461 3 443 328 742 636
461 6 403 194 467 355
461 14 1167 275 451 426
462 3 451 328 740 634
462 6 408 196 466 354
462 14 1173 274 454 426
463 3 456 328 740 634
463 6 411 196 467 356
463 14 1175 273 458 428
464 3 461 331 739 634
464 6 413 199 465 355
464 14 1176 275 462 429
465 3 465 336 738 631
465 6 415 204 467 357
465 14 1178 277 468 433
466 3 472 342 734 627
466 6 420 208 466 357
466 14 1182 281 471 434
467 3 475 346 741 632
467 6 425 213 466 358
467 14 1184 285 474 434
468 3 483 351 747 636
468 6 429 215 472 363
468 14 1191 290 476 437
469 3 497 357 751 641
469 6 441 222 467 359
469 14 1203 297 478 436
470 3 511 363 752 644
470 6 444 221 476 368
470 14 1213 302 480 437
471 3 527 369 754 646
471 6 456 228 472 366
471 14 1223 306 483 438
472 3 539 373 754 647
472 6 464 232 472 368
472 14 1232 310 486 440
473 3 550 382 758 652
473 6 472 239 472 368
473 14 1239 316 491 444
474 3 560 394 753 649
474 6 474 248 480 376
474 14 1244 326 494 445
475 3 575 410 744 640
475 6 482 261 478 375
475 14 1252 336 494 445
476 3 584 423 740 635
476 6 485 270 480 379
476 14 1257 347 495 444
477 3 594 430 737 632
477 6 488 276 481 382
477 14 1261 355 496 444
478 3 602 440 738 632
478 6 490 283 486 388
478 14 1264 363 498 445
479 3 611 451 732 625
479 6 490 292 489 391
479 14 1264 370 499 446
480 3 618 463 723 616
480 6 490 303 490 395
480 14 1264 381 499 444
481 3 624 474 714 606
481 6 490 315 490 398
481 14 1265 392 497 441
482 3 631 487 704 593
482 6 490 323 493 403
482 14 1264 400 496 441
483 3 637 497 696 582
483 6 487 331 495 407
483 14 1260 407 497 442
484 3 642 509 685 569
484 6 485 344 494 409
484 14 1256 416 497 442
485 3 640 515 680 562
485 6 483 351 491 409
485 14 1247 422 496 442
486 3 639 519 679 559
486 6 483 353 485 406
486 14 1242 423 490 435
487 3 638 516 685 563
487 6 487 350 479 404
487 14 1240 418 486 430
488 3 638 512 687 566
488 6 490 349 474 401
488 14 1237 414 482 427
489 3 629 511 689 567
489 6 489 349 468 398
489 14 1228 413 478 423
490 3 620 510 687 567
490 6 485 350 460 393
490 14 1216 412 471 417
491 3 611 507 687 569
491 6 482 350 456 391
491 14 1205 411 467 414
492 3 602 504 685 570
492 6 478 351 449 386
492 14 1192 411 462 408
493 3 592 500 681 569
493 6 474 350 441 380
493 14 1180 409 456 403
494 3 578 496 674 566
494 6 468 348 435 376
494 14 1168 406 450 399
495 3 573 493 664 560
495 6 463 348 430 371
495 14 1153 402 446 395
496 3 565 489 658 559
496 6 461 346 423 366
496 14 1141 399 443 392
497 3 551 487 653 557
497 6 455 347 413 358
497 14 1123 398 439 388
498 3 540 487 644 554
498 6 448 348 408 354
498 14 1109 399 433 384
499 3 532 488 636 550
499 6 444 351 404 350
499 14 1099 401 429 381
500 3 524 489 626 544
500 6 435 354 400 346
500 14 1086 402 425 377
501 3 519 492 615 537
501 6 431 357 400 346
501 14 1076 403 421 374
502 3 515 495 607 533
502 6 430 361 398 343
502 14 1069 407 417 371
503 3 508 499 600 528
503 6 427 366 395 341
503 14 1061 410 417 371
504 3 501 504 592 523
504 6 421 370 392 338
504 14 1051 414 414 369
504 16 1697 593 217 477
505 3 493 509 586 517
505 6 417 373 391 337
505 14 1042 418 411 368
505 16 1693 597 215 474
506 3 489 512 583 515
506 6 417 376 390 337
506 14 1038 422 410 367
506 16 1689 600 216 472
507 3 479 513 581 513
507 6 416 378 389 335
507 14 1035 422 410 367
507 16 1684 599 217 472
508 3 467 514 581 512
508 6 416 378 385 332
508 14 1031 421 409 367
508 16 1679 602 218 469
509 3 464 514 581 512
509 6 417 378 385 332
509 14 1028 422 409 367
509 16 1675 607 218 464
510 3 461 516 580 510
510 6 417 381 382 329
510 14 1025 426 407 366
510 16 1669 614 219 458
511 3 456 520 578 509
511 6 413 386 381 327
511 14 1020 434 404 363
511 16 1660 620 222 453
512 3 447 528 573 504
512 6 409 390 380 328
512 14 1013 442 401 359
512 16 1653 627 224 446
513 3 439 534 568 499
513 6 406 393 379 327
513 14 1007 447 398 357
513 16 1645 632 229 441
514 3 427 533 566 497
514 6 401 393 374 321
514 14 998 449 396 355
514 16 1634 635 235 436
515 3 413 532 568 497
515 6 397 393 371 318
515 14 992 448 396 355
515 16 1623 634 245 437
516 3 403 530 569 499
516 6 395 393 364 311
516 14 986 447 397 355
516 16 1612 627 256 443
517 3 393 526 568 498
517 6 390 392 363 309
517 14 974 444 399 357
517 16 1597 627 267 443
517 17 1626 422 272 279
518 3 382 523 568 498
518 6 385 392 361 307
518 14 962 443 399 357
518 16 1583 626 279 445
518 17 1638 421 246 251
519 3 372 525 561 495
519 6 381 393 354 298
519 14 951 445 398 356
519 16 1569 630 288 440
519 17 1636 422 244 246
520 3 358 530 554 488
520 6 374 396 345 288
520 14 940 447 395 355
520 16 1552 634 300 438
520 17 1621 424 255 255
521 3 339 528 549 484
521 6 361 396 349 290
521 14 925 446 394 354
521 16 1531 635 315 438
521 17 1598 424 267 261
522 3 322 522 548 483
522 6 353 393 345 285
522 14 909 442 394 354
522 16 1509 633 332 440
522 17 1586 421 271 259
523 3 306 517 542 478
523 6 345 391 341 278
523 14 893 438 393 355
523 16 1483 630 352 443
523 17 1573 422 279 259
524 3 284 517 538 474
524 6 332 392 345 279
524 14 875 437 392 354
524 16 1451 629 371 446
524 17 1546 421 292 265
525 3 262 518 532 468
525 6 319 393 341 276
525 14 854 438 389 352
525 16 1409 629 386 444
525 17 1519 423 300 268
526 3 244 518 529 464
526 6 311 394 338 272
526 14 838 440 384 349
526 16 1373 629 400 444
526 17 1493 424 312 276
527 3 229 518 524 460
527 6 299 395 339 271
527 14 821 440 381 348
527 16 1366 629 425 445
527 17 1466 423 326 286
528 3 212 519 517 453
528 6 288 396 337 268
528 14 802 442 376 343
528 16 1345 629 448 444
528 17 1449 425 363 314
529 3 199 522 510 446
529 6 311 396 285 219
529 14 787 444 372 341
529 16 1305 629 470 445
529 17 1436 425 378 323
530 3 180 517 514 448
530 6 290 399 305 233
530 14 771 445 370 340
530 16 1266 631 487 444
530 17 1396 425 384 329
531 3 162 516 512 446
531 6 275 403 312 236
531 14 753 448 367 339
531 16 1222 633 500 441
531 17 1365 427 392 336
532 3 152 524 503 436
532 6 269 406 305 227
532 14 738 450 365 338
532 16 1181 634 513 441
532 17 1353 429 420 358
533 3 140 526 497 430
533 6 268 407 289 210
533 14 724 450 361 335
533 16 1139 633 526 442
533 17 1336 429 435 370
534 3 125 525 494 425
534 6 261 406 282 200
534 14 710 449 357 333
534 16 1101 632 535 443
534 17 1314 429 438 371
534 18 1691 296 229 302
535 3 115 524 493 424
535 6 257 406 276 192
535 14 696 449 355 332
535 16 1062 630 545 445
535 17 1295 429 443 375
535 18 1687 296 230 304
536 3 106 527 488 418
536 6 276 411 247 166
536 14 682 452 352 330
536 16 1026 633 549 442
536 17 1276 433 445 376
536 18 1683 301 232 305
537 3 90 531 484 413
537 6 305 416 219 146
537 14 667 457 346 327
537 16 991 634 550 441
537 17 1250 438 447 378
537 18 1673 304 233 305
538 3 75 537 479 406
538 6 300 421 209 137
538 14 649 461 344 325
538 16 953 637 551 438
538 17 1224 443 449 381
538 18 1659 315 227 296
539 3 57 539 477 403
539 6 288 424 205 132
539 14 631 464 339 322
539 16 914 637 557 441
539 17 1196 445 453 387
539 18 1640 317 226 295
540 3 41 539 477 400
540 6 277 425 211 134
540 14 618 464 334 319
540 16 879 635 560 441
540 17 1170 444 457 393
540 18 1625 315 228 296
540 19 177 424 327 164
541 3 21 534 477 398
541 6 269 422 205 128
541 14 598 461 331 317
541 16 840 632 564 444
541 17 1144 444 460 398
541 18 1606 315 229 296
542 3 7 525 473 393
542 6 255 416 201 125
542 14 576 457 328 315
542 16 799 628 568 449
542 17 1113 442 458 401
542 18 1585 322 225 290
542 19 176 414 283 142
543 3 0 517 465 391
543 6 233 410 205 125
543 14 554 453 325 314
543 16 758 622 573 455
543 17 1085 439 454 401
543 18 1561 320 227 291
543 19 143 407 293 147
544 3 0 513 456 387
544 6 216 406 202 122
544 14 532 447 321 312
544 16 717 613 579 464
544 17 1058 432 449 401
544 18 1540 318 224 288
544 19 116 402 304 152
545 3 0 509 434 383
545 14 508 442 317 309
545 16 676 605 582 470
545 17 1028 425 445 401
545 18 1511 309 225 289
545 19 82 397 331 166
545 22 406 230 321 286
546 3 0 505 415 380
546 14 485 438 314 306
546 16 640 598 584 477
546 17 1003 420 435 396
546 18 1489 307 222 285
546 19 96 394 321 164
546 22 387 226 324 289
547 3 0 503 401 378
547 14 464 437 310 305
547 16 607 594 582 480
547 17 978 418 432 395
547 18 1465 303 222 285
547 19 89 393 320 165
547 22 372 228 320 285
548 3 0 502 384 376
548 14 442 437 308 305
548 16 576 593 576 480
548 17 951 419 426 394
548 18 1443 304 221 285
548 19 44 393 320 165
548 22 358 229 319 285
549 3 0 503 370 376
549 14 423 440 306 304
549 16 548 595 568 479
549 17 927 421 425 396
549 18 1422 313 218 281
549 19 12 396 331 171
549 22 342 231 321 285
550 3 0 509 358 375
550 14 410 445 306 304
550 16 529 600 559 475
550 17 910 429 416 392
550 18 1406 318 220 283
550 19 0 402 337 175
550 22 336 238 321 284
551 3 0 517 350 373
551 14 404 454 300 300
551 16 516 604 549 470
551 17 900 438 409 388
551 18 1400 329 215 278
551 19 0 412 329 173
551 22 336 248 319 283
552 14 385 461 296 298
552 16 493 608 540 466
552 17 881 443 404 385
552 18 1382 328 217 281
552 19 13 419 319 171
552 22 320 255 318 281
552 23 17 420 332 261
553 14 367 467 296 299
553 16 469 614 531 461
553 17 858 447 400 385
553 18 1364 336 213 276
553 19 17 428 298 161
553 22 306 263 315 276
553 23 10 429 337 266
553 24 1552 516 356 385
554 14 359 477 294 297
554 16 461 626 516 450
554 17 846 455 397 384
554 18 1352 341 211 274
554 19 18 439 291 161
554 22 298 272 320 281
554 23 1 441 339 270
554 24 1548 520 356 384
555 14 351 487 291 295
555 16 449 634 506 443
555 17 834 464 392 381
555 18 1341 342 211 276
555 22 293 283 321 282
555 23 19 454 291 232
555 24 1541 520 357 384
556 14 334 493 290 295
556 16 426 642 496 433
556 17 812 468 391 381
556 18 1323 345 212 277
556 22 279 290 318 278
556 23 0 460 313 260
556 24 1525 524 362 386
557 14 315 498 287 294
557 16 401 648 487 426
557 17 789 474 387 380
557 18 1305 355 209 274
557 22 269 295 317 276
557 23 0 465 291 258
557 24 1506 536 361 381
558 14 297 506 284 291
558 16 377 656 478 418
558 17 766 482 385 379
558 18 1285 357 209 276
558 22 252 300 320 278
558 23 0 471 279 263
558 24 1480 544 360 376
559 14 279 514 279 286
559 16 349 663 473 413
559 17 744 490 381 378
559 18 1268 362 207 274
559 22 240 309 319 276
559 23 0 478 268 268
559 24 1452 547 364 375
560 14 260 521 274 281
560 16 322 672 465 405
560 17 719 498 378 376
560 18 1241 364 211 280
560 22 224 318 319 274
560 23 0 485 259 269
560 24 1420 552 372 378
561 14 240 527 262 267
561 16 288 678 460 399
561 17 693 505 375 374
561 18 1221 374 207 276
561 22 204 323 323 276
561 23 0 489 243 271
561 24 1387 561 371 374
562 14 217 530 259 261
562 16 255 682 457 395
562 17 665 509 371 372
562 18 1199 384 204 271
562 22 182 324 329 281
562 23 0 490 227 271
562 24 1351 566 375 375
563 14 195 532 260 261
563 16 224 684 455 393
563 17 642 513 369 372
563 18 1182 390 202 269
563 22 165 324 334 286
563 24 1322 570 376 374
564 14 180 535 244 241
564 16 191 686 455 391
564 17 617 516 366 370
564 18 1165 398 198 264
564 22 147 326 339 291
564 24 1294 574 375 370
565 14 155 533 238 232
565 16 153 686 455 391
565 17 588 518 363 368
565 18 1139 395 201 271
565 22 127 327 338 290
565 24 1259 578 378 371
566 14 131 533 232 221
566 16 117 685 456 392
566 17 561 518 360 368
566 18 1118 401 198 265
566 22 106 327 341 292
566 24 1227 581 376 367
567 14 114 530 227 213
567 16 85 675 464 399
567 17 540 517 355 364
567 18 1098 399 197 265
567 22 90 326 344 295
567 24 1200 576 378 368
568 14 99 525 220 201
568 16 51 668 472 407
568 17 517 508 355 365
568 18 1083 391 197 265
568 22 83 325 327 280
568 24 1180 568 377 365
569 14 85 517 217 193
569 16 23 658 482 418
569 17 499 499 351 361
569 18 1070 383 196 264
569 22 69 319 332 284
569 24 1162 558 372 358
570 14 71 507 213 185
570 16 0 645 487 431
570 17 480 487 350 361
570 18 1058 377 194 261
570 22 56 310 342 293
570 24 1142 548 373 357
571 14 57 497 213 181
571 16 0 632 470 443
571 17 459 477 349 362
571 18 1046 371 192 256
571 22 45 302 345 297
571 24 1117 536 380 363
572 14 42 492 209 171
572 16 0 618 457 455
572 17 444 469 347 361
572 18 1034 364 191 255
572 22 32 299 339 292
572 24 1100 525 379 362
573 14 34 482 203 161
573 16 0 606 447 468
573 17 429 459 345 360
573 18 1025 360 188 251
573 22 23 294 331 285
573 24 1089 513 375 357
574 14 30 472 200 154
574 16 0 592 437 476
574 17 420 448 342 357
574 18 1018 350 189 250
574 22 24 289 328 280
574 24 1080 500 373 353
575 14 27 459 198 147
575 16 0 572 425 480
575 17 406 432 341 357
575 18 1013 340 189 247
575 22 25 278 326 279
575 24 1072 487 366 346
576 14 27 441 193 138
576 16 0 553 403 477
576 17 396 417 338 355
576 18 1008 329 187 243
576 22 14 263 338 290
576 24 1062 473 369 346
577 16 0 529 393 480
577 17 385 401 338 355
577 18 1000 317 190 245
577 22 14 251 333 287
577 24 1048 459 373 347
578 16 0 512 383 481
578 17 383 389 336 355
578 18 1003 306 191 243
578 24 1045 449 370 342
579 16 0 502 371 471
579 17 384 379 334 354
579 18 1009 294 189 239
579 24 1045 437 367 338
580 16 0 487 356 462
580 17 383 368 328 349
580 18 1009 287 195 243
580 24 1041 426 362 331
581 16 0 473 342 454
581 17 381 355 326 349
581 18 1011 283 195 239
581 24 1038 418 352 320
582 16 0 464 332 449
582 17 379 349 325 349
582 18 1031 283 162 189
582 24 1025 415 370 336
583 16 0 462 320 443
583 17 376 348 323 348
583 18 1040 285 150 164
583 24 1019 416 375 339
584 16 0 463 307 439
584 17 373 353 318 345
584 18 1037 288 150 157
584 24 1005 420 376 339
585 16 0 467 299 436
585 17 372 360 314 342
585 18 1034 293 155 156
585 24 1040 428 299 254
586 16 0 471 291 433
586 17 372 367 309 339
586 18 1036 307 152 144
586 24 1044 437 274 223
587 16 0 474 282 430
587 17 365 369 307 340
587 18 1031 312 156 143
587 24 988 441 365 300
588 16 0 476 275 426
588 17 365 371 302 337
588 18 1028 314 163 144
588 24 987 442 354 289
589 16 0 475 269 421
589 17 364 371 299 336
589 18 1025 315 170 144
589 24 974 442 368 300
590 16 0 474 266 419
590 17 364 371 296 335
590 18 1022 315 177 147
590 24 978 443 347 280
591 16 0 476 264 414
591 17 370 373 292 332
591 18 1022 317 185 151
591 24 960 447 379 308
591 28 1337 551 479 519
592 16 0 477 262 409
592 17 374 376 288 330
592 18 1021 321 193 155
592 24 950 452 392 322
592 28 1330 557 473 512
593 16 0 480 263 407
593 17 381 380 285 329
593 18 1025 331 195 154
593 24 949 461 394 326
593 28 1328 568 462 500
594 16 0 486 269 399
594 17 397 389 280 326
594 18 1033 338 203 159
594 24 959 469 388 324
594 28 1336 583 450 485
595 16 3 493 272 394
595 17 407 396 277 325
595 18 1037 339 213 166
595 24 966 478 383 321
595 28 1336 595 440 473
596 16 12 502 270 388
596 17 420 403 274 324
596 18 1042 343 221 173
596 24 971 484 383 324
596 28 1340 606 432 463
597 16 21 511 272 381
597 17 439 413 268 319
597 18 1056 356 216 168
597 24 979 492 383 326
597 28 1343 615 427 454
597 29 12 387 143 148
598 16 28 516 273 376
598 17 450 419 263 316
598 18 1061 362 217 168
598 24 981 496 383 331
598 28 1337 621 423 448
598 29 19 391 140 143
599 16 36 519 275 371
599 17 458 422 259 311
599 18 1064 364 219 169
599 24 982 498 384 335
599 28 1330 626 421 443
599 29 30 392 138 140
600 16 48 520 277 369
600 17 470 423 257 311
600 18 1069 364 226 174
600 24 987 500 386 340
600 28 1330 632 418 437
600 29 49 393 139 140
601 16 61 522 277 364
601 17 479 425 254 311
601 18 1072 366 231 178
601 24 992 505 382 341
601 28 1326 638 415 432
601 29 63 395 140 140
602 16 63 520 278 361
602 17 481 425 250 308
602 18 1069 368 238 186
602 24 987 509 378 343
602 28 1311 646 411 424
602 29 65 392 144 142
603 16 69 518 277 357
603 17 484 425 247 305
603 18 1062 370 253 201
603 24 987 510 374 343
603 28 1301 648 412 422
603 29 70 388 146 143
603 31 750 700 445 376
604 16 80 517 276 353
604 17 492 424 244 303
604 18 1065 368 252 203
604 24 990 510 369 343
604 28 1293 648 414 423
604 29 80 386 148 143
604 31 749 699 446 377
605 16 84 514 277 351
605 17 496 422 240 300
605 18 1060 366 263 215
605 24 991 507 366 343
605 28 1281 647 418 424
605 29 84 381 151 145
605 31 739 698 448 379
606 16 88 513 278 349
606 17 499 421 238 298
606 18 1057 363 270 225
606 24 991 504 363 344
606 28 1274 645 420 426
606 29 85 378 154 145
606 31 735 699 447 378
607 16 98 514 278 346
607 17 506 419 235 297
607 18 1066 361 263 223
607 24 995 503 360 345
607 28 1272 645 422 426
607 29 96 377 157 148
607 31 738 699 446 378
608 16 107 511 276 342
608 17 514 416 234 296
608 18 1082 361 245 208
608 24 996 499 357 346
608 28 1271 645 423 426
608 29 109 373 156 146
608 31 739 700 444 378
609 16 109 506 277 342
609 17 514 411 235 297
609 18 1074 356 263 228
609 24 997 497 355 348
609 28 1266 649 421 422
609 29 110 369 154 140
609 31 732 702 442 376
610 16 112 503 279 344
610 17 519 410 232 296
610 18 1081 357 255 223
610 24 1000 499 351 348
610 28 1266 653 418 418
610 29 104 365 163 147
610 31 733 707 435 371
611 16 119 505 279 342
611 17 524 412 232 296
611 18 1097 361 236 205
611 24 1003 504 346 346
611 28 1268 659 414 413
611 29 118 363 166 149
611 31 736 715 424 362
612 16 120 509 278 340
612 17 525 418 230 295
612 18 1089 362 253 223
612 24 1003 514 341 345
612 28 1263 672 404 399
612 29 122 363 171 155
612 31 736 728 408 347
613 16 124 518 278 339
613 17 529 426 230 297
613 18 1094 375 248 220
613 24 1003 527 339 346
613 28 1269 694 389 380
613 29 125 369 179 163
613 31 743 746 389 330
614 16 128 524 276 338
614 17 533 434 228 295
614 18 1095 381 252 228
614 24 1003 539 334 344
614 28 1270 712 378 363
614 29 130 373 181 166
614 31 745 761 375 315
615 16 131 528 275 338
615 17 534 439 226 295
615 18 1093 390 257 234
615 24 1002 544 330 344
615 28 1266 724 372 352
615 29 132 375 183 169
615 31 744 772 366 304
615 32 0 441 200 238
616 16 142 532 273 336
616 17 540 442 226 295
616 18 1102 392 248 227
616 24 1006 547 326 343
616 28 1266 729 373 348
616 31 747 777 363 300
616 32 5 445 199 236
617 16 145 531 272 333
617 17 543 439 224 293
617 18 1104 390 243 224
617 24 1005 546 320 339
617 28 1253 728 378 348
617 31 739 776 366 300
617 32 9 444 197 233
618 16 140 525 270 331
618 17 537 433 222 291
618 18 1097 386 244 228
618 24 1001 542 316 337
618 28 1233 724 384 353
618 31 721 770 375 306
618 32 7 437 197 233
619 16 137 519 269 329
619 17 534 428 220 289
619 18 1092 384 246 231
619 24 996 538 313 336
619 28 1217 720 390 357
619 31 706 764 383 313
619 32 5 429 198 234
620 16 136 509 266 326
620 17 531 421 218 287
620 18 1084 372 253 241
620 24 990 528 312 335
620 28 1197 712 398 364
620 31 688 752 395 324
620 32 5 419 197 232
621 16 131 495 266 324
621 17 524 407 218 288
621 18 1077 358 251 242
621 24 982 516 307 332
621 28 1174 696 409 377
621 31 663 735 415 342
621 32 1 403 198 232
622 16 130 482 264 321
622 17 521 394 217 287
622 18 1073 345 248 240
622 24 973 501 305 331
622 28 1155 682 422 392
622 31 647 717 432 360
622 32 1 390 196 232
623 16 130 469 262 319
623 17 518 382 216 285
623 18 1072 339 243 237
623 24 968 490 302 330
623 28 1140 668 430 404
623 31 630 700 446 379
623 32 0 379 196 230
624 16 120 456 263 319
624 17 511 374 214 282
624 18 1065 335 239 236
624 24 959 478 298 328
624 28 1117 653 439 418
624 31 611 683 459 396
624 32 0 369 192 230
625 16 118 447 262 318
625 17 508 368 213 281
625 18 1059 330 240 238
625 24 954 471 296 325
625 28 1105 641 444 430
625 31 600 668 468 412
625 32 0 362 191 229
626 16 114 437 260 315
626 17 503 358 212 280
626 18 1053 321 239 238
626 24 942 460 291 323
626 28 1087 622 456 450
626 31 587 650 474 424
626 32 0 355 188 227
627 16 106 423 258 313
627 17 494 345 212 280
627 18 1045 310 239 238
627 24 930 447 285 319
627 31 565 625 491 451
628 16 97 408 260 314
628 17 489 333 211 280
628 24 925 431 283 319
628 31 551 601 504 475
629 16 94 397 259 312
629 17 484 324 209 277
629 24 922 418 279 316
629 31 544 578 507 491
629 28 1042 559 484 492
629 18 1036 290 231 232
630 16 87 387 258 309
630 17 476 312 210 278
630 24 913 403 276 314
630 31 539 556 499 496
630 28 1038 537 474 495
630 18 1024 272 233 237
631 16 80 376 258 308
631 17 467 302 210 279
631 24 905 390 275 314
631 31 534 535 490 496
631 28 1031 513 466 499
631 18 1019 267 223 226
632 16 74 365 257 305
632 17 460 290 211 280
632 24 897 377 272 313
632 31 531 514 481 498
632 28 1026 490 456 499
632 18 1012 258 223 225
633 16 68 351 258 305
633 17 456 281 208 276
633 24 893 365 267 308
633 31 528 491 475 502
633 28 1024 467 447 500
633 18 1009 246 220 221
634 16 57 338 261 306
634 17 449 269 207 274
634 24 884 349 267 311
634 31 525 470 468 503
634 28 1024 451 432 490
634 18 1002 236 216 216
635 16 54 327 260 304
635 17 445 258 208 273
635 24 879 335 263 309
635 31 522 451 470 515
635 28 1024 429 426 491
635 18 998 225 213 213
636 16 47 311 262 305
636 17 441 245 207 273
636 24 875 323 258 306
636 31 521 432 459 512
637 16 35 297 262 303
637 17 431 234 207 272
637 24 863 308 255 306
637 31 511 408 455 515
638 16 29 280 265 306
638 17 426 222 208 273
638 24 857 298 253 304
638 31 507 383 453 521
639 16 30 271 264 303
639 17 428 213 209 274
639 24 860 287 251 306
639 31 511 366 448 525
639 18 995 193 191 187
640 16 21 258 266 303
640 17 423 203 210 274
640 24 857 278 247 304
640 31 503 349 446 529
640 18 989 181 191 184
641 16 13 244 269 306
641 17 416 193 210 275
641 24 850 270 246 303
641 31 498 334 443 532
641 18 984 178 189 177
642 16 18 237 269 305
642 17 422 190 209 272
642 24 856 264 244 303
642 31 507 323 435 529
643 16 21 231 268 301
643 17 426 184 207 270
643 24 860 257 243 303
643 31 512 311 428 525
644 16 21 222 268 300
644 17 426 177 207 270
644 24 861 250 242 303
644 31 511 298 430 532
645 16 20 215 267 298
645 17 425 170 208 271
645 24 863 244 240 303
645 31 512 287 425 531
645 33 188 177 187 200
646 16 19 205 268 299
646 17 426 164 208 269
646 24 865 238 240 304
646 31 512 274 425 535
646 33 188 171 189 201
647 16 16 199 271 301
647 17 426 160 209 272
647 24 869 234 238 305
647 31 511 266 425 539
647 33 187 167 190 203
648 16 9 195 275 304
648 17 423 160 210 272
648 24 866 235 239 305
648 31 508 263 425 542
648 33 185 167 188 202
649 16 5 192 278 308
649 17 421 161 211 272
649 24 866 237 239 307
649 31 507 263 424 546
649 33 183 168 188 201
650 16 4 196 279 309
650 17 422 166 210 271
650 24 869 244 237 305
650 31 509 268 423 546
650 33 184 173 186 200
651 16 3 202 278 306
651 17 422 171 210 271
651 24 871 250 236 305
651 31 510 273 420 547
651 33 183 178 185 199
652 16 2 206 277 305
652 17 421 174 210 272
652 24 870 252 237 307
652 31 508 275 421 549
652 33 182 181 185 198
653 16 0 209 275 305
653 17 418 176 211 273
653 24 868 255 237 307
653 31 504 276 422 554
653 33 179 183 184 198
654 16 0 211 272 306
654 17 415 179 212 273
654 24 866 258 236 307
654 31 502 279 422 556
654 33 176 185 184 198
655 16 0 212 269 305
655 17 412 181 213 274
655 24 864 260 236 307
655 31 497 281 423 557
655 33 174 186 183 197
656 16 0 204 267 309
656 17 404 178 213 273
656 24 859 258 237 308
656 31 488 276 423 559
657 16 0 200 262 310
657 17 397 173 214 275
657 24 853 255 237 310
657 31 481 271 421 559
658 16 0 197 260 313
658 17 393 174 214 273
658 24 850 255 236 310
658 31 476 272 418 558
659 16 0 195 258 316
659 17 389 176 215 273
659 24 845 257 236 309
659 31 470 273 419 560
660 16 0 198 254 314
660 17 385 177 216 274
660 24 841 259 235 310
660 31 465 274 420 563
661 16 0 200 251 315
661 17 382 178 217 276
661 24 838 262 235 309
661 31 462 278 416 559
662 16 0 202 250 314
662 17 381 180 218 276
662 24 837 263 235 309
662 31 461 279 416 559
663 16 0 201 248 314
663 17 381 179 217 276
663 24 835 263 234 307
663 31 460 278 415 559
664 16 0 198 246 314
664 17 380 178 216 274
664 24 835 261 233 307
664 31 459 278 411 555
664 34 984 299 386 514
665 16 0 197 245 314
665 17 379 177 215 273
665 24 833 260 234 307
665 31 456 278 410 553
665 34 982 297 387 515
666 16 0 198 242 314
666 17 375 177 216 275
666 24 831 261 233 306
666 31 453 279 410 553
666 34 979 297 387 516
667 16 0 202 240 313
667 17 375 180 216 275
667 24 831 263 232 306
667 31 453 281 410 554
667 34 978 298 389 518
668 16 0 206 236 312
668 17 375 184 213 270
668 24 830 265 231 305
668 31 452 283 409 553
668 34 974 296 391 521
669 16 0 204 233 313
669 17 370 183 215 273
669 24 826 265 231 305
669 31 448 282 409 552
669 34 968 294 392 522
670 16 0 201 230 313
670 17 366 181 215 272
670 24 822 264 231 305
670 31 443 279 408 551
670 34 964 292 390 518
671 16 0 195 229 316
671 17 364 178 213 269
671 24 821 260 231 305
671 31 442 277 406 547
671 34 963 283 390 519
672 16 0 191 225 316
672 17 359 172 216 272
672 24 818 254 231 306
673 17 353 169 218 273
673 24 814 249 232 307
674 17 350 170 217 270
674 24 811 247 233 308
675 17 348 171 218 270
675 24 810 246 233 309
676 17 347 171 217 269
676 24 810 245 232 308
677 17 346 170 219 270
677 24 810 244 232 308
678 17 346 168 220 270
678 24 812 242 231 308
679 17 346 166 222 271
679 24 812 241 233 309
680 17 346 164 222 271
680 24 812 239 233 310
681 17 345 161 223 271
681 24 812 237 233 310
682 17 345 158 225 273
682 24 812 234 232 310
683 17 343 157 226 275
683 24 811 233 232 310
684 17 341 160 226 274
684 24 809 234 233 310
685 17 339 163 226 274
685 24 809 237 231 309
686 17 338 167 225 273
686 24 808 241 231 308
687 17 340 171 224 270
687 24 808 243 230 309
688 17 343 173 224 270
688 24 810 246 229 307
689 17 347 175 224 269
689 24 813 247 228 305
690 17 350 172 224 271
690 24 815 246 228 305
691 17 353 168 226 273
691 24 820 244 228 306
692 17 357 169 225 272
692 24 823 246 228 305
693 17 361 173 225 274
693 24 829 249 229 307
694 17 368 179 224 273
694 24 834 255 229 306
695 17 373 186 225 274
695 24 839 261 228 305
695 16 0 196 238 326
696 17 380 191 223 273
696 24 845 266 229 305
696 16 0 199 241 326
697 17 385 197 223 273
697 24 850 273 229 306
697 16 2 212 240 319
698 17 389 203 223 273
698 24 854 279 230 308
698 16 2 216 243 322
699 17 393 209 222 273
699 24 857 285 230 308
699 16 4 224 243 320
699 31 495 297 413 559
700 17 397 215 221 272
700 24 860 292 229 306
700 16 7 236 241 314
700 31 500 306 411 557
701 17 402 223 221 273
701 24 861 300 231 309
701 16 8 246 243 312
701 31 505 314 411 557
702 17 407 232 218 270
702 24 866 310 229 306
702 16 12 261 240 305
702 31 512 325 411 557
703 17 412 239 218 271
703 24 869 318 227 304
703 16 12 269 244 305
703 31 519 338 409 555
704 17 416 246 217 270
704 24 871 326 227 303
704 16 14 276 247 305
704 31 523 347 409 554
705 17 419 251 217 272
705 24 876 332 226 303
705 16 18 283 249 303
705 31 530 356 407 553
706 17 425 256 218 272
706 24 879 336 228 306
706 16 22 287 253 304
706 31 536 361 407 554
707 17 430 259 218 274
707 24 872 341 226 305
707 16 26 291 254 303
707 31 540 364 409 558
708 17 437 262 217 274
708 24 866 346 220 307
708 16 30 294 258 305
708 31 546 371 407 556
709 17 442 268 216 272
709 24 864 351 214 306
709 16 35 300 257 302
709 31 553 380 404 553
710 17 444 273 215 272
710 16 37 304 258 301
710 31 557 387 403 551
711 17 447 277 214 272
711 16 40 308 258 301
711 31 557 391 403 553
712 17 447 281 214 273
712 16 40 313 258 300
712 31 558 397 401 552
713 17 448 285 214 273
713 16 40 316 261 302
713 31 557 404 402 553
714 17 448 289 214 273
714 16 41 321 260 301
714 31 557 411 402 551
714 36 210 290 177 199
715 17 449 291 212 273
715 16 41 324 260 300
715 31 559 414 399 550
715 36 210 290 176 200
716 17 449 291 212 273
716 16 41 325 259 299
716 31 556 414 400 551
716 36 210 291 176 199
717 17 449 291 211 273
717 16 41 324 260 300
717 31 555 414 401 551
717 36 210 291 176 199
718 17 450 290 212 274
718 16 42 324 259 298
718 31 556 413 402 552
718 36 213 292 175 197
719 17 454 290 211 274
719 16 43 320 263 301
719 31 557 411 402 553
719 36 215 287 175 197
719 37 1004 250 353 268
720 17 456 288 212 274
720 16 48 317 262 300
720 31 558 407 404 554
720 36 218 283 175 197
720 37 1006 253 356 270
721 17 458 285 211 274
721 16 51 313 261 300
721 31 561 402 403 553
721 36 222 280 175 196
721 37 1018 256 349 265
722 17 463 283 209 273
722 16 54 309 263 301
722 31 566 393 407 559
722 36 228 278 175 196
722 37 1024 255 361 274
723 17 467 279 209 272
723 16 59 303 264 302
723 31 570 388 406 556
723 36 232 275 175 196
723 37 922 246 592 459
724 17 470 271 209 272
724 16 60 293 266 304
724 31 576 378 405 557
724 37 898 240 658 519
725 17 472 262 209 273
725 16 65 286 264 302
725 31 581 369 406 557
725 37 891 226 676 547
726 17 472 256 210 273
726 16 66 281 262 300
726 31 582 363 406 558
727 17 470 253 209 273
727 16 62 279 263 299
727 31 578 361 406 558
728 17 468 253 208 272
728 16 57 279 265 300
728 31 575 359 406 559
729 17 464 254 209 273
729 16 54 281 266 301
729 31 572 360 406 557
729 37 884 164 662 554
730 17 461 257 209 273
730 16 51 284 266 303
730 31 568 363 408 562
730 37 1001 346 431 352
731 17 462 265 210 273
731 16 51 290 267 304
731 31 568 372 408 561
731 37 1040 404 354 283
732 17 463 271 208 271
732 16 52 296 266 302
732 31 569 380 406 559
732 37 1023 377 383 304
733 17 466 273 209 272
733 16 54 299 266 301
733 31 571 383 408 562
734 17 469 272 209 273
734 16 58 296 268 305
734 31 577 386 406 559
735 17 471 270 211 275
735 16 61 295 269 305
735 31 580 387 408 560
735 37 1019 362 393 308
736 17 472 271 212 276
736 16 62 295 269 306
736 31 580 389 411 565
737 17 473 273 214 280
737 16 63 297 270 307
737 31 580 390 413 569
738 17 473 278 213 278
738 16 63 301 270 307
738 31 580 396 413 569
739 17 473 282 211 277
739 16 63 308 267 304
739 31 580 402 412 567
739 36 235 278 176 199
740 17 471 286 212 277
740 16 61 313 266 303
740 31 580 408 411 565
740 36 232 280 178 201
741 17 471 288 212 277
741 16 60 315 266 304
741 31 581 410 411 566
741 36 232 284 177 198
742 17 472 288 211 277
742 16 61 316 266 304
742 31 583 412 411 564
742 36 232 285 177 198
743 17 473 288 211 277
743 16 62 316 266 304
743 31 585 412 410 564
743 36 232 285 178 199
744 17 475 288 212 276
744 16 63 315 266 304
744 31 585 412 411 564
744 36 233 283 179 200
745 17 478 286 211 276
745 16 66 315 265 302
745 31 588 411 410 564
745 36 236 282 179 199
746 17 479 285 211 276
746 16 67 312 265 303
746 31 588 410 410 563
746 36 239 280 178 198
747 17 479 283 212 276
747 16 68 309 266 304
747 31 590 409 410 563
747 36 242 277 177 200
748 17 480 281 211 276
748 16 68 306 267 305
748 31 590 405 410 564
748 36 241 275 178 200
749 17 478 278 212 277
749 16 66 302 268 307
749 31 587 401 412 566
749 36 239 272 178 201
750 17 477 276 213 279
750 16 65 300 268 308
750 31 586 401 413 567
750 36 238 271 179 201
751 17 476 277 213 279
751 16 63 300 269 309
751 31 584 401 414 567
751 36 237 271 178 201
752 17 476 280 213 277
752 16 64 304 267 307
752 31 584 404 414 568
752 36 237 274 178 201
753 17 475 283 213 278
753 16 64 311 265 303
753 31 581 406 414 568
753 36 237 278 177 199
754 17 472 284 213 279
754 16 61 314 265 303
754 31 579 407 414 568
754 36 234 280 176 199
755 17 469 286 213 277
755 16 57 315 265 304
755 31 577 408 415 569
755 36 231 281 178 201
756 17 467 288 212 278
756 16 53 316 266 306
756 31 574 409 415 570
756 36 229 284 178 200
757 17 465 290 213 278
757 16 50 319 268 307
757 31 570 411 415 571
757 36 227 286 178 200
758 17 463 293 212 277
758 16 49 323 266 305
758 31 566 414 415 570
758 36 224 289 177 199
759 17 461 295 211 276
759 16 47 325 265 305
759 31 563 415 415 570
759 36 221 291 178 199
760 17 460 297 209 274
760 16 44 326 265 304
760 31 560 416 415 570
760 36 219 292 177 198
761 17 457 294 210 276
761 16 41 325 266 305
761 31 558 416 416 570
761 36 214 292 180 199
762 17 458 295 211 276
762 16 43 326 266 305
762 31 560 416 415 570
762 36 217 292 178 198
763 17 459 295 212 278
763 16 45 327 266 305
763 31 561 417 416 571
763 36 218 293 179 200
764 17 461 297 212 278
764 16 47 328 266 305
764 31 563 421 415 569
764 36 220 295 180 200
765 17 464 299 212 277
765 16 50 329 266 304
765 31 566 423 415 569
765 36 223 297 181 200
766 17 467 299 211 277
766 16 53 328 266 304
766 31 569 422 415 568
766 36 226 295 180 201
767 17 469 296 210 275
767 16 56 326 265 302
767 31 570 418 417 570
767 36 229 291 180 200
768 17 470 293 211 277
768 16 58 323 265 303
768 31 574 415 416 571
768 36 230 288 180 201
769 17 471 293 211 277
769 16 59 324 266 303
769 31 573 416 418 572
769 36 231 288 180 201
770 17 470 296 211 277
770 16 56 326 267 305
770 31 572 421 418 572
770 36 229 292 181 201
771 17 469 301 211 278
771 16 54 330 269 308
771 31 571 428 417 571
771 36 228 298 180 201
772 17 468 307 210 277
772 16 53 335 270 309
772 31 570 434 417 571
772 36 226 304 182 202
773 17 467 309 210 277
773 16 50 338 270 310
773 31 569 436 418 572
773 36 225 308 181 202
774 17 466 310 210 276
774 16 50 339 270 310
774 31 569 437 417 571
774 36 225 309 180 202
775 17 466 309 209 276
775 16 49 337 270 311
775 31 569 435 417 570
775 36 225 307 179 200
776 17 465 307 210 276
776 16 50 335 269 310
776 31 568 431 418 571
777 17 467 306 210 276
777 16 52 335 269 309
777 31 570 431 417 571
778 17 467 306 211 277
778 16 53 336 268 308
778 31 572 431 416 568
779 17 468 306 210 277
779 16 53 335 267 308
779 31 571 431 418 570
780 17 467 305 211 277
780 16 53 334 267 306
780 31 571 429 417 570
781 17 468 304 210 276
781 16 53 333 267 306
781 31 572 427 417 570
782 17 468 303 209 276
782 16 53 332 267 306
782 31 569 427 418 571
783 17 466 304 211 276
783 16 52 331 266 307
783 31 568 426 418 573
784 17 466 304 210 276
784 16 51 331 267 307
784 31 566 424 419 574
785 17 466 303 210 277
785 16 51 331 266 306
785 31 568 425 416 570
786 17 466 300 211 277
786 16 51 330 266 306
786 31 568 424 416 570
787 17 468 299 209 276
787 16 52 329 265 305
787 31 568 422 416 569
788 17 466 297 211 278
788 16 51 328 266 305
788 31 568 421 415 567
789 17 468 298 210 277
789 16 53 328 266 306
789 31 571 422 415 567
790 17 469 298 209 277
790 16 54 329 265 305
790 31 572 421 415 569
791 17 469 298 209 276
791 16 54 329 266 305
791 31 570 421 419 574
792 17 469 300 210 277
792 16 54 330 266 306
792 31 571 423 417 571
793 17 469 303 209 276
793 16 55 333 267 305
793 31 571 422 418 574
794 17 468 304 209 276
794 16 54 333 267 307
794 31 570 424 418 574
795 17 467 305 210 277
795 16 53 336 267 307
795 31 570 429 417 571
796 17 468 307 209 276
796 16 54 336 268 308
796 31 571 432 416 570
797 17 468 307 209 275
797 16 55 337 267 307
797 31 573 431 417 572
798 17 469 305 209 275
798 16 58 335 266 305
798 31 575 428 416 571
799 17 471 302 210 276
799 16 59 332 266 304
799 31 575 422 421 579
800 17 472 301 211 278
800 16 60 331 266 304
800 31 575 419 423 584
801 17 473 303 211 278
801 16 63 332 266 305
801 31 578 424 419 578
802 17 473 304 211 278
802 16 63 333 267 305
802 31 579 426 418 576
803 17 473 305 210 277
803 16 62 334 268 306
803 31 579 428 416 575
804 17 472 307 209 277
804 16 61 334 269 308
804 31 579 431 415 574
805 17 471 308 210 277
805 16 60 335 269 309
805 31 579 434 413 572
806 17 471 309 210 276
806 16 59 336 270 309
806 31 578 435 414 573
807 17 471 308 209 276
807 16 60 336 268 308
807 31 580 436 410 567
808 17 470 307 209 276
808 16 58 335 268 307
808 31 579 436 409 565
809 17 470 307 208 276
809 16 58 335 268 307
809 31 578 437 408 563
810 17 468 308 209 276
810 16 55 336 269 308
810 31 576 437 409 564
811 17 468 310 208 276
811 16 54 338 269 308
811 31 575 439 408 562
812 17 468 314 207 274
812 16 54 341 267 307
812 31 574 440 409 563
813 17 467 317 207 274
813 16 54 345 267 307
813 31 574 442 409 564
814 17 467 318 208 274
814 16 55 346 266 307
814 31 572 446 410 565
815 17 468 318 207 273
815 16 55 346 266 305
815 31 574 446 408 563
816 17 469 317 207 274
816 16 58 344 266 306
816 31 576 443 409 563
817 17 471 316 207 272
817 16 59 340 268 309
817 31 579 441 409 565
818 17 472 313 208 274
818 16 62 338 267 308
818 31 581 439 410 564
819 17 472 310 209 276
819 16 63 337 266 307
819 31 583 439 408 562
820 17 473 309 210 277
820 16 64 336 266 307
820 31 584 439 409 563
821 17 473 313 208 276
821 16 63 338 267 308
821 31 581 442 410 563
822 17 471 316 209 276
822 16 63 343 265 306
822 31 579 444 410 564
823 17 470 319 208 274
823 16 61 346 267 307
823 31 577 444 410 565
824 17 470 321 207 273
824 16 61 348 265 305
824 31 576 446 410 565
825 17 469 322 208 274
825 16 60 350 265 304
825 31 576 448 410 565
826 17 469 323 208 274
826 16 59 350 266 305
826 31 575 449 411 566
827 17 470 323 208 274
827 16 60 350 266 304
827 31 577 451 410 565
828 17 470 322 208 275
828 16 62 349 266 306
828 31 577 450 411 567
829 17 470 323 209 275
829 16 61 350 267 306
829 31 578 456 410 565
830 17 471 327 208 274
830 16 62 353 266 306
830 31 577 457 411 566
831 17 471 328 209 275
831 16 63 356 265 303
831 31 576 455 414 571
832 17 471 329 208 275
832 16 63 357 264 303
832 31 576 457 413 570
833 17 471 329 209 276
833 16 63 358 265 304
833 31 576 459 414 570
834 17 470 331 209 276
834 16 62 361 265 303
834 31 574 461 415 572
835 17 469 333 209 277
835 16 60 365 265 303
835 31 576 469 411 567
836 17 469 336 208 275
836 16 60 367 265 303
836 31 575 470 413 569
836 38 228 327 180 201
837 17 470 337 207 275
837 16 60 368 265 303
837 31 574 471 414 570
837 38 228 328 180 201
838 17 470 338 207 274
838 16 60 368 265 303
838 31 578 475 410 564
838 38 228 328 180 201
839 17 471 338 207 275
839 16 61 369 264 303
839 31 575 475 412 567
839 38 228 329 180 201
840 17 469 339 209 276
840 16 58 370 266 305
840 31 570 475 414 569
840 38 228 330 179 201
841 17 468 339 209 277
841 16 57 372 265 304
841 31 573 479 410 562
841 38 227 332 179 201
842 17 467 339 209 277
842 16 54 372 266 304
842 31 568 472 414 568
842 38 226 332 178 200
843 17 465 337 209 276
843 16 54 369 264 305
843 31 570 471 411 564
843 38 224 330 177 200
844 17 465 335 208 275
844 16 53 367 265 305
844 31 567 466 414 568
844 38 222 329 178 199
845 17 464 335 209 276
845 16 53 367 264 304
845 31 566 466 413 567
845 38 222 329 177 198
846 17 463 335 209 275
846 16 52 367 263 304
846 31 564 465 414 569
846 38 220 329 177 199
847 17 461 335 209 275
847 16 50 367 263 304
847 31 562 466 414 569
847 38 218 329 177 199
848 17 459 335 210 276
848 16 48 367 263 305
848 31 560 467 415 569
848 38 215 329 179 199
849 17 458 337 210 276
849 16 48 370 261 303
849 31 560 469 414 568
849 38 214 330 179 200
849 40 78 300 160 75
850 17 457 338 211 278
850 16 48 373 261 304
850 31 560 473 413 566
850 38 215 334 178 198
850 40 80 303 158 74
851 17 456 340 210 277
851 16 47 375 261 303
851 31 560 480 409 560
851 38 214 336 178 198
851 40 75 302 166 78
852 17 455 340 210 277
852 16 46 375 260 302
852 31 559 483 407 557
852 38 213 335 179 200
852 40 76 304 161 75
853 17 455 341 209 277
853 16 45 375 260 302
853 31 558 486 406 555
853 38 213 335 179 200
853 40 77 304 159 74
854 17 455 342 209 276
854 16 45 375 261 304
854 31 557 485 406 558
854 38 213 336 179 200
854 40 77 304 160 75
855 17 455 344 208 275
855 16 44 376 261 304
855 31 554 486 407 559
855 38 212 337 180 200
855 40 74 303 166 77
856 17 454 347 209 274
856 16 43 377 262 306
856 31 553 487 409 562
856 38 212 339 180 200
856 40 72 303 170 79
857 17 454 350 209 275
857 16 42 379 263 307
857 31 553 489 408 562
857 38 212 342 180 200
857 40 70 306 171 79
858 17 454 353 209 274
858 16 43 380 264 309
858 31 552 493 409 561
858 38 214 347 178 197
858 40 70 309 171 79
859 17 455 355 210 275
859 16 44 381 264 310
859 31 554 494 408 560
859 38 214 347 180 200
859 40 73 312 168 78
860 17 457 355 209 274
860 16 48 382 263 309
860 31 558 495 406 559
860 38 216 347 180 201
860 40 75 312 167 78
861 17 460 354 208 274
861 16 51 382 262 306
861 31 561 493 407 560
861 38 218 347 179 200
861 40 77 311 167 79
862 17 461 354 209 274
862 16 55 381 261 306
862 31 565 493 406 558
862 38 221 346 179 200
862 40 78 310 168 80
863 17 464 353 209 274
863 16 59 384 259 304
863 31 567 492 406 558
863 38 223 346 179 200
863 40 81 311 165 79
864 17 466 353 209 274
864 16 61 384 259 303
864 31 569 492 405 556
864 38 225 345 179 201
864 40 83 311 164 79
865 17 467 352 207 272
865 16 61 383 259 302
865 31 571 491 404 554
865 38 227 345 178 199
865 40 83 309 165 79
866 17 466 352 208 272
866 16 62 383 258 301
866 31 571 490 404 555
866 38 226 345 178 199
866 40 83 308 164 79
867 17 466 353 208 273
867 16 61 384 260 302
867 31 570 490 405 556
867 38 225 345 179 201
867 40 83 310 163 79
868 17 465 354 209 274
868 16 60 384 262 305
868 31 570 492 406 557
868 38 226 347 178 200
868 40 85 314 161 77
869 17 465 356 209 274
869 16 59 387 261 305
869 31 569 494 407 559
869 38 226 349 178 199
869 40 86 316 159 77
870 17 467 358 209 274
870 16 60 388 262 306
870 31 570 497 406 559
870 38 228 351 178 199
870 40 89 318 158 75
871 17 469 359 208 274
871 16 62 389 263 306
871 31 570 502 405 556
871 38 231 351 177 200
871 40 91 318 158 75
872 17 470 357 210 275
872 16 65 387 262 306
872 31 571 502 406 558
872 38 232 350 178 200
872 40 91 316 160 76
873 17 472 355 210 276
873 16 67 384 262 306
873 31 574 502 405 556
873 38 233 347 178 201
873 40 93 313 162 77
874 17 473 354 210 276
874 16 68 382 262 306
874 31 574 502 406 558
874 38 235 345 177 200
874 40 93 310 165 80
875 17 473 353 209 277
875 16 67 382 262 306
875 31 573 503 404 555
875 38 234 345 178 200
875 40 92 309 166 81
876 17 471 354 210 277
876 16 65 383 262 306
876 31 570 504 405 557
876 38 233 346 177 201
876 40 93 311 162 78
877 17 469 358 209 275
877 16 61 386 262 306
877 31 567 506 406 557
877 38 230 349 177 200
877 40 91 314 160 78
878 17 465 362 208 274
878 16 57 392 260 304
878 31 563 507 406 557
878 38 227 352 176 199
878 40 86 317 162 78
879 17 464 365 207 274
879 16 54 395 260 304
879 31 560 507 406 558
879 38 224 354 176 199
879 40 84 319 161 78
880 17 462 365 207 273
880 16 52 396 260 303
880 31 559 507 406 558
880 38 222 355 176 199
880 40 82 320 163 78
881 17 462 364 206 272
881 16 52 394 260 303
881 31 559 507 406 556
881 38 222 354 176 199
881 40 84 319 160 77
882 17 462 362 206 272
882 16 52 391 262 305
882 31 559 505 406 557
882 38 223 352 175 199
882 40 84 318 160 76
883 17 462 361 207 272
883 16 53 389 263 306
883 31 559 505 406 557
883 38 224 352 175 199
883 40 85 317 159 77
884 17 464 362 207 272
884 16 56 389 262 306
884 31 560 506 406 557
884 38 226 351 175 200
884 40 87 317 159 76
885 17 464 363 207 272
885 16 56 390 261 305
885 31 559 507 406 556
885 38 226 351 176 200
885 40 88 317 159 76
886 17 465 364 206 271
886 16 57 390 261 306
886 31 560 507 406 557
886 38 226 351 176 200
886 40 88 317 160 77
887 17 465 364 206 271
887 16 58 392 261 304
887 31 560 507 406 556
887 38 227 352 176 200
887 40 89 318 159 76
888 17 465 364 206 271
888 16 57 394 260 302
888 31 560 507 406 556
888 38 227 353 175 199
888 40 88 319 160 76
889 17 463 364 206 271
889 16 55 394 259 302
889 31 560 508 404 555
889 38 224 353 176 200
889 40 86 319 161 76
890 17 463 364 207 272
890 16 54 394 260 304
890 31 559 509 403 552
890 38 224 354 175 200
890 40 84 319 163 78
891 17 462 366 208 274
891 16 54 396 260 304
891 31 559 511 403 551
891 38 224 356 175 200
891 40 85 323 159 76
892 17 461 369 208 274
892 16 53 399 261 305
892 31 559 511 405 555
892 38 224 359 175 199
892 40 83 325 161 77
893 17 461 372 208 274
893 16 53 400 261 306
893 31 560 513 406 555
893 38 224 362 175 199
893 40 83 327 161 78
894 17 463 371 208 275
894 16 56 402 260 305
894 31 562 513 406 555
894 38 226 361 175 200
894 40 86 328 160 77
895 17 466 370 207 274
895 16 60 400 260 305
895 31 563 512 408 557
895 38 229 360 175 199
895 40 90 327 159 76
896 17 468 368 207 275
896 16 61 398 261 305
896 31 564 512 407 557
896 38 231 358 175 199
896 40 92 324 158 77
897 17 469 368 207 274
897 16 62 397 261 305
897 31 566 514 406 555
897 38 233 357 175 199
897 40 92 323 160 77
898 17 469 369 208 275
898 16 62 398 262 306
898 31 566 516 406 555
898 38 233 357 176 200
898 40 94 324 159 76
899 17 468 372 208 275
899 16 62 401 261 306
899 31 565 518 406 553
899 38 232 359 176 201
899 40 94 326 159 76
900 17 467 375 207 276
900 16 59 404 261 305
900 31 564 522 404 550
900 38 230 363 176 200
900 40 91 328 161 77
901 17 466 378 207 274
901 16 57 406 262 306
901 31 564 526 402 547
901 38 228 366 176 200
901 40 88 330 162 78
902 17 465 378 207 275
902 16 56 406 262 306
902 31 563 526 403 547
902 38 227 366 177 200
902 40 87 330 162 79
903 17 464 377 208 276
903 16 57 407 261 305
903 31 563 526 404 548
903 38 227 366 177 200
903 40 87 330 162 78
904 17 465 377 207 275
904 16 58 407 260 305
904 31 563 525 404 548
904 38 228 365 176 200
904 40 88 329 161 78
905 17 466 377 207 275
905 16 59 406 260 305
905 31 563 525 405 547
905 38 228 365 177 200
905 40 90 329 161 78
906 17 467 377 207 275
906 16 60 405 261 306
906 31 564 526 404 546
906 38 229 366 177 199
906 40 91 328 161 79
907 17 467 378 208 275
907 16 61 405 261 306
907 31 565 528 403 543
907 38 230 365 177 200
907 40 92 328 161 79
908 17 468 378 207 275
908 16 61 405 261 306
908 31 565 529 403 542
908 38 229 365 178 201
908 40 92 328 161 79
909 17 467 378 207 275
909 16 61 405 260 306
909 31 564 531 404 541
909 38 229 366 177 200
909 40 92 328 161 79
910 17 466 378 208 276
910 16 58 405 261 308
910 31 563 533 403 538
910 38 228 366 178 200
910 40 90 329 161 79
910 41 933 490 261 299
911 17 465 379 207 275
911 16 54 406 263 309
911 31 562 535 401 536
911 38 226 368 178 200
911 40 87 330 163 81
911 41 932 492 259 299
912 17 463 380 208 276
912 16 53 408 261 309
912 31 561 536 401 534
912 38 224 369 178 200
912 40 83 332 165 81
912 41 926 494 260 298
913 17 462 380 208 277
913 16 52 411 260 307
913 31 559 537 402 533
913 38 222 370 179 201
913 40 82 333 165 82
913 41 920 494 260 298
914 17 460 381 208 276
914 16 51 412 259 307
914 31 559 538 401 532
914 38 220 370 179 201
914 40 81 333 165 83
914 41 912 494 262 298
915 17 461 380 208 277
915 16 51 412 259 306
915 31 559 538 401 531
915 38 220 370 179 201
915 40 80 333 166 83
915 41 906 495 263 297
916 17 460 380 209 277
916 16 52 411 258 307
916 31 559 538 402 531
916 38 220 370 179 200
916 40 80 333 165 83
916 41 895 495 267 297
917 17 461 380 208 276
917 16 52 410 259 308
917 31 561 538 403 531
917 38 221 369 179 201
917 40 81 332 165 83
918 17 462 380 207 275
918 16 53 409 259 308
918 31 561 537 404 532
918 38 222 369 178 200
918 40 83 331 162 82
919 17 462 379 207 276
919 16 53 407 259 309
919 31 560 537 405 533
919 38 222 368 178 200
919 40 83 331 161 81
920 17 462 379 207 275
920 16 54 408 258 306
920 31 559 535 407 535
920 38 222 367 178 199
920 40 84 329 159 80
921 17 462 378 206 274
921 16 54 407 258 306
921 31 558 532 409 539
921 38 222 365 177 199
921 40 85 328 157 80
922 17 460 377 207 274
922 16 53 403 258 308
922 31 556 528 411 543
922 38 219 362 179 201
922 40 85 327 155 78
923 17 459 377 207 274
923 16 52 405 258 307
923 31 554 526 413 545
923 38 218 363 178 200
923 40 82 327 156 78
924 17 457 378 207 274
924 16 49 405 258 309
924 31 556 529 410 542
924 38 215 365 180 202
924 40 79 328 160 81
925 17 456 379 208 275
925 16 48 409 258 308
925 31 558 533 407 538
925 38 213 367 182 204
925 40 76 330 163 82
926 17 456 380 208 276
926 16 48 411 258 309
926 31 557 534 407 537
926 38 213 369 181 203
926 40 76 332 161 82
927 17 455 381 209 276
927 16 48 412 258 308
927 31 557 534 406 537
927 38 212 369 182 205
927 40 76 333 161 82
928 17 456 381 208 276
928 16 48 412 257 307
928 31 557 534 406 536
928 38 212 368 183 206
928 40 76 332 162 83
929 17 455 381 209 276
929 16 47 412 257 307
929 31 556 534 407 536
929 38 212 369 182 203
929 40 74 332 162 83
930 17 453 381 209 276
930 16 47 413 256 306
930 31 556 536 405 534
930 38 211 370 181 202
930 40 73 333 160 82
931 17 451 383 208 276
931 16 45 415 256 306
931 31 554 538 403 532
931 38 209 371 180 203
931 40 73 337 157 80
931 41 888 478 282 313
932 17 449 384 208 277
932 16 42 417 257 307
932 31 551 539 403 531
932 38 207 373 180 202
932 40 72 340 156 79
932 41 887 479 282 313
933 17 447 385 208 277
933 16 39 419 259 308
933 31 549 541 402 529
933 38 206 376 179 201
933 40 69 342 157 78
933 41 888 482 279 310
934 17 446 386 208 276
934 16 37 419 260 309
934 31 548 542 402 528
934 38 205 377 180 202
934 40 68 343 157 78
934 41 885 483 279 310
935 17 445 386 208 275
935 16 36 419 260 309
935 31 547 543 403 527
935 38 204 378 180 201
935 40 67 342 158 79
935 41 885 483 277 309
936 17 446 386 207 275
936 16 37 419 260 308
936 31 547 544 403 527
936 38 205 378 179 201
936 40 67 342 160 79
936 41 883 482 278 311
937 17 447 386 207 277
937 16 37 420 261 308
937 31 547 544 403 526
937 38 205 378 179 201
937 40 68 343 159 78
937 41 880 482 277 312
938 17 447 387 208 277
938 16 39 420 261 309
938 31 549 544 402 526
938 38 206 377 179 202
938 40 68 343 161 80
938 41 882 484 273 309
939 17 449 387 207 277
939 16 41 421 260 307
939 31 549 543 404 527
939 38 206 378 180 203
939 40 69 344 162 80
939 41 881 483 273 310
940 17 449 386 207 276
940 16 41 420 260 307
940 31 549 541 405 529
940 38 207 377 179 203
940 40 69 344 161 78
940 41 881 481 270 309
941 17 448 386 207 276
941 16 41 420 261 307
941 31 548 539 407 532
941 38 207 377 180 204
941 40 68 344 162 79
941 41 881 480 267 309
942 17 447 387 206 275
942 16 39 421 262 308
942 31 547 539 407 532
942 38 208 383 177 200
942 40 67 348 161 78
942 41 880 480 265 309
943 17 446 389 206 274
943 16 38 423 261 308
943 31 544 539 407 532
943 38 207 385 177 200
943 40 65 351 162 79
943 41 880 481 264 307
944 17 441 387 206 275
944 16 34 423 260 307
944 31 535 533 411 539
944 38 200 385 176 198
944 40 61 351 160 78
944 41 877 477 259 304
945 17 435 385 206 274
945 16 28 423 259 304
945 31 528 526 413 543
945 38 194 382 176 198
945 40 57 352 156 75
945 41 873 473 258 303
946 17 429 383 205 272
946 16 22 422 259 302
946 31 521 519 415 546
946 38 188 379 177 198
946 40 53 352 153 72
946 41 869 465 259 305
947 17 423 379 205 271
947 16 16 417 259 302
947 31 517 512 412 546
947 38 184 375 176 198
947 40 47 347 155 73
947 41 866 460 259 303
948 17 421 372 204 269
948 16 13 412 258 298
948 31 516 502 408 541
948 38 182 369 177 198
948 40 42 342 155 72
948 41 864 452 260 303
949 17 421 363 205 270
949 16 14 403 259 299
949 31 518 491 407 539
949 38 185 362 175 197
949 40 41 332 158 74
949 41 863 441 261 304
949 42 965 353 222 189
950 17 423 353 204 269
950 16 14 391 261 300
950 31 520 478 407 541
950 38 186 355 175 196
950 40 44 323 157 73
950 41 867 431 260 302
950 42 963 347 230 196
951 17 424 344 205 270
951 16 18 381 260 298
951 31 523 465 406 540
951 38 188 346 175 194
951 40 46 316 156 72
951 41 871 423 258 298
951 42 961 339 236 201
952 17 426 337 202 267
952 16 22 374 259 296
952 31 526 453 403 537
952 38 189 339 175 194
952 40 52 309 150 69
952 41 873 415 258 297
952 42 967 334 226 194
953 17 427 330 203 268
953 16 25 367 258 294
953 31 529 444 399 532
953 38 190 333 176 194
953 40 58 305 144 65
953 41 872 408 260 297
953 42 970 329 221 189
954 17 426 326 202 265
954 16 25 362 258 294
954 31 529 437 396 529
954 38 191 328 175 194
954 40 56 302 144 63
954 41 869 402 261 298
954 42 970 327 213 181
955 17 426 323 201 263
955 16 24 358 259 295
955 31 528 430 396 529
955 38 190 325 175 194
955 40 53 298 146 64
955 41 865 397 261 297
955 42 970 321 209 177
955 43 1097 397 374 492
956 17 426 320 200 262
956 16 25 355 260 296
956 31 527 422 395 527
956 38 190 323 175 193
956 40 53 296 146 63
956 41 862 394 257 294
956 42 970 315 208 176
956 43 1097 395 373 490
957 17 425 318 200 262
957 16 25 352 260 296
957 31 527 416 393 526
957 38 189 321 175 192
957 40 51 295 147 63
957 41 857 390 257 293
957 42 970 314 204 172
957 43 1095 393 374 491
958 17 423 317 201 261
958 16 24 349 260 296
958 31 524 412 394 529
958 38 187 319 176 193
958 40 51 293 147 63
958 41 854 385 258 294
958 42 965 313 204 171
958 43 1104 394 379 494
959 17 423 314 201 261
959 16 23 345 261 296
959 31 525 411 392 527
959 38 187 316 175 194
959 40 51 293 143 59
959 41 855 382 258 294
959 42 963 311 210 176
959 43 1083 379 394 517
960 17 423 311 201 261
960 16 24 341 261 296
960 31 526 408 391 525
960 38 189 314 174 193
960 40 50 290 143 59
960 41 857 380 258 292
960 42 961 308 210 175
960 43 1078 380 397 521
961 17 423 308 201 260
961 16 26 337 260 296
961 31 528 404 388 521
961 38 189 312 174 191
961 41 858 377 257 290
961 42 964 303 206 172
961 43 1083 386 395 520
962 17 424 305 202 261
962 16 30 337 257 292
962 31 530 399 387 521
962 41 860 375 257 289
962 42 964 298 209 173
962 43 1078 380 397 522
963 17 424 302 203 261
963 16 32 334 257 290
963 31 531 394 388 522
963 41 862 373 257 288
963 42 967 296 208 172
963 43 1076 374 395 520
964 17 425 298 204 262
964 16 34 330 256 289
964 31 534 390 386 520
964 41 864 369 259 289
964 42 972 292 207 169
964 43 1074 377 385 508
965 17 426 294 203 262
965 16 33 325 257 290
965 31 535 384 387 521
965 41 865 365 259 290
965 42 977 288 205 168
965 43 1089 383 380 497
966 17 428 292 202 261
966 16 33 323 257 290
966 31 536 381 387 521
966 41 863 363 260 291
966 42 978 288 205 166
966 43 1088 387 378 491
967 17 427 293 203 262
967 16 33 324 258 291
967 31 536 382 387 522
967 41 861 363 261 293
967 42 977 287 208 167
967 43 1070 386 379 493
968 17 426 295 203 262
968 16 31 326 259 291
968 31 534 384 388 522
968 41 858 365 259 292
968 42 968 290 211 170
968 43 1057 377 386 503
969 17 424 297 204 262
969 16 31 328 258 291
969 31 534 387 387 521
969 41 856 366 257 292
969 42 961 291 214 173
969 43 1048 369 389 511
970 17 422 297 203 263
970 16 27 331 257 288
970 31 532 387 387 522
970 41 853 366 255 290
970 43 1045 372 383 505
971 17 419 298 204 263
971 16 23 332 257 288
971 31 530 388 387 521
971 41 852 367 254 289
971 43 1041 374 380 502
972 17 418 299 202 262
972 16 18 334 260 290
972 31 528 390 387 522
972 41 851 369 252 287
972 43 1037 367 382 509
973 17 415 301 203 263
973 16 16 336 261 290
973 31 526 392 388 523
973 41 852 371 251 287
973 43 1037 367 381 510
974 17 414 301 203 264
974 16 14 336 262 291
974 31 526 393 388 523
974 41 851 373 252 287
974 43 1037 363 383 515
975 17 414 301 203 261
975 16 14 335 262 291
975 31 524 393 389 523
975 41 850 372 252 287
975 43 1038 363 383 516
976 17 413 300 203 262
976 16 13 334 262 291
976 31 524 393 388 524
976 41 849 372 252 288
976 43 1038 363 384 519
977 17 411 300 204 264
977 16 10 335 263 291
977 31 524 395 388 524
977 41 847 373 253 289
977 43 1039 363 381 517
978 17 410 302 205 262
978 16 8 336 263 292
978 31 521 401 387 521
978 41 843 375 253 290
978 43 1035 367 383 520
979 17 408 305 204 262
979 16 3 337 265 294
979 31 517 406 387 522
979 41 835 378 257 292
979 43 1032 373 385 524
980 17 404 308 205 262
980 16 0 339 264 297
980 31 513 412 386 520
980 41 832 383 257 295
981 17 401 313 206 264
981 16 0 343 260 298
981 31 509 417 386 520
981 41 832 389 255 293
982 17 398 316 207 265
982 16 0 347 258 298
982 31 504 423 387 523
982 41 831 393 256 295
983 17 386 342 209 268
983 16 0 380 256 303
983 31 493 481 385 520
983 41 817 426 259 297
984 17 382 356 209 268
984 16 0 395 254 305
984 31 490 509 382 518
984 41 813 441 258 298
985 17 381 363 208 268
985 16 0 402 254 308
985 31 489 525 380 516
985 41 810 452 257 296
986 17 379 371 207 267
986 16 0 414 252 305
986 31 490 543 375 511
986 41 808 459 256 295
987 17 378 377 207 269
987 16 0 423 251 303
987 31 493 560 369 504
987 41 807 468 254 293
988 17 377 383 207 269
988 16 0 430 252 305
988 31 492 573 365 498
988 41 805 477 253 292
989 17 378 393 207 268
989 16 0 443 252 303
989 31 500 592 353 482
989 41 803 488 254 294
990 17 383 404 206 269
990 16 0 457 252 303
990 31 508 611 342 463
990 41 805 502 252 292
991 17 387 419 205 268
991 16 0 473 254 301
991 31 520 636 327 438
991 41 808 516 251 293
992 17 391 432 205 269
992 16 7 489 255 302
992 31 531 660 313 412
992 41 812 534 253 295
993 17 399 448 204 268
993 16 18 507 253 301
993 31 546 689 297 383
993 41 818 552 253 296
994 17 409 466 202 265
994 16 31 522 252 301
994 31 558 713 287 360
994 41 825 569 254 297
994 45 33 394 164 133
995 17 418 479 201 267
995 16 42 539 251 301
995 31 575 739 276 339
995 41 833 588 255 298
995 45 42 405 167 136
995 46 939 467 208 219
996 17 429 494 201 267
996 16 55 554 250 302
996 31 589 765 265 314
996 41 842 608 252 295
996 45 49 417 171 140
996 46 946 484 207 217
997 17 440 510 198 264
997 16 69 569 248 301
997 31 605 787 255 291
997 41 850 624 253 295
997 45 36 427 189 154
997 46 954 490 215 226
998 17 452 524 198 264
998 16 83 585 247 300
998 31 628 809 242 266
998 41 863 639 254 297
998 45 49 439 191 156
998 46 962 501 218 229
999 17 466 536 196 263
999 16 99 598 245 300
999 31 647 828 236 248
999 41 878 652 253 295
999 45 66 449 198 163
999 46 978 519 210 221
1000 17 476 545 197 263
1000 16 113 611 242 299
1000 31 662 843 232 235
1000 41 888 664 252 293
1000 45 74 458 209 174
1000 46 986 529 208 218
1000 47 246 510 170 195
1000 48 5 515 156 215
1001 17 487 557 194 262
1001 16 126 622 242 301
1001 31 678 861 225 218
1001 41 896 676 253 295
1001 45 81 469 211 177
1001 46 991 531 211 224
1001 47 254 519 171 197
1001 48 8 525 159 217
1002 17 496 571 196 263
1002 16 137 638 241 300
1002 31 698 883 213 196
1002 41 904 690 255 297
1002 45 98 481 209 180
1002 46 998 542 212 225
1002 47 263 532 172 199
1002 48 13 539 160 218
1003 17 504 586 196 264
1003 16 149 655 239 299
1003 31 717 905 198 173
1003 41 912 709 255 295
1003 45 100 495 211 184
1003 46 1005 560 211 225
1003 47 271 546 172 199
1003 48 17 552 161 218
1004 17 515 602 192 262
1004 16 160 670 237 298
1004 31 736 926 186 152
1004 41 922 725 257 299
1004 45 99 507 213 186
1004 46 1012 573 214 227
1004 47 283 562 169 195
1004 48 22 566 162 216
1005 17 526 613 192 260
1005 16 172 682 235 298
1005 31 752 941 181 138
1005 41 931 737 258 299
1005 45 103 514 219 194
1005 46 1024 589 208 221
1005 47 294 571 169 196
1005 48 28 575 162 213
1006 17 536 618 192 263
1006 16 184 689 234 298
1006 31 768 953 177 127
1006 41 941 747 256 296
1006 45 112 519 224 199
1006 46 1034 596 206 219
1006 47 303 576 169 196
1006 48 32 581 167 213
1007 17 550 625 191 262
1007 16 201 696 233 298
1007 31 789 962 174 118
1007 41 954 757 256 296
1007 45 127 521 221 200
1007 46 1044 598 210 225
1007 47 317 580 171 198
1007 48 48 586 171 214
1008 17 565 631 192 264
1008 16 219 704 230 295
1008 31 809 974 168 106
1008 41 967 764 260 303
1008 45 160 528 216 201
1008 46 1058 612 209 223
1008 47 331 588 172 201
1008 48 50 593 176 214
1009 17 578 638 190 264
1009 16 231 710 230 297
1009 41 977 772 263 305
1009 45 162 536 215 201
1009 46 1070 618 207 221
1009 47 345 594 171 199
1009 48 49 598 184 216
1010 17 590 647 190 263
1010 16 245 719 230 297
1010 41 993 783 259 297
1010 45 185 543 207 198
1010 46 1078 622 212 227
1010 47 359 602 168 197
1010 48 58 604 190 216
1011 17 608 659 189 261
1011 16 266 729 229 298
1011 41 1016 794 252 286
1011 45 213 551 200 197
1011 46 1096 635 208 223
1011 47 375 613 166 195
1011 48 73 614 194 214
1012 17 627 665 188 263
1012 16 286 737 227 298
1012 41 1040 804 246 276
1012 45 216 558 206 204
1012 46 1114 647 206 222
1012 47 394 620 165 195
1012 48 89 620 199 214
1013 17 643 671 188 264
1013 16 305 742 225 298
1013 41 1058 812 241 268
1013 45 227 561 204 203
1013 46 1129 651 207 224
1013 47 410 625 164 193
1013 48 103 624 204 214
1014 17 664 675 189 265
1014 16 330 746 222 296
1014 41 1082 817 239 263
1014 45 259 565 196 199
1014 46 1149 658 207 224
1014 47 431 627 164 194
1014 48 126 627 207 212
1015 17 687 680 188 264
1015 16 355 752 219 294
1015 41 1106 824 236 256
1015 45 292 568 192 199
1015 46 1172 665 205 223
1015 47 450 629 165 196
1015 48 148 630 211 212
1016 17 713 686 188 264
1016 16 383 757 218 294
1016 41 1137 834 231 246
1016 45 319 571 186 196
1016 46 1194 665 209 228
1016 47 476 636 162 192
1016 48 174 637 213 209
1017 17 737 691 189 266
1017 16 409 762 218 295
1017 41 1164 842 229 238
1017 45 343 575 191 207
1017 46 1219 673 208 227
1017 47 499 641 162 192
1017 48 197 640 218 211
1018 17 764 700 188 265
1018 16 439 770 215 294
1018 41 1197 852 224 228
1018 45 367 580 192 212
1018 46 1248 687 204 221
1018 47 524 647 163 195
1018 48 221 646 222 213
1019 17 790 709 188 264
1019 16 467 779 216 295
1019 41 1227 862 220 218
1019 45 378 589 195 217
1019 46 1273 693 206 223
1019 47 551 655 161 192
1019 48 248 653 221 211
1020 17 815 715 190 268
1020 16 497 788 212 291
1020 41 1245 871 213 209
1020 45 390 593 204 229
1020 46 1299 708 201 216
1020 47 573 663 162 193
1020 48 274 661 223 210
1021 17 843 722 189 267
1021 16 529 796 208 284
1021 41 1284 880 211 200
1021 45 424 601 186 208
1021 46 1327 717 202 217
1021 47 600 671 160 191
1021 48 300 669 225 209
1022 17 871 731 188 267
1022 16 562 806 201 274
1022 41 1316 888 208 192
1022 45 467 609 174 197
1022 46 1353 717 206 221
1022 47 627 679 157 187
1022 48 328 678 223 207
1023 17 893 738 190 269
1023 16 588 814 196 266
1023 41 1342 900 201 180
1023 45 492 617 169 194
1023 46 1376 728 204 218
1023 47 650 686 153 182
1023 48 348 683 229 211
1024 17 918 749 191 270
1024 16 618 825 190 255
1024 41 1370 909 196 171
1024 45 518 625 165 192
1024 46 1403 734 203 216
1024 47 676 697 146 174
1024 48 369 692 230 212
1025 17 942 757 193 273
1025 16 646 836 183 243
1025 41 1398 919 190 161
1025 45 538 637 160 186
1025 46 1422 740 208 221
1025 47 698 707 144 170
1025 48 390 703 230 210
1026 17 964 762 194 275
1026 16 672 844 180 235
1026 41 1429 928 186 152
1026 45 563 645 155 182
1026 46 1446 750 209 221
1026 47 719 715 144 169
1026 48 411 713 231 210
1027 17 987 771 193 274
1027 16 697 854 176 226
1027 41 1456 937 180 143
1027 45 582 650 155 183
1027 46 1471 759 205 217
1027 47 741 722 142 164
1027 48 432 721 231 210
1028 17 1014 780 195 274
1028 16 725 863 174 217
1028 41 1487 947 175 133
1028 45 608 660 152 180
1028 46 1496 757 213 224
1028 47 765 730 143 165
1028 48 457 729 231 210
1029 17 1035 785 197 277
1029 16 749 871 171 209
1029 41 1515 954 172 126
1029 45 628 666 152 183
1029 46 1517 768 213 222
1029 47 786 738 141 161
1029 48 477 737 231 210
1030 17 1059 796 197 275
1030 16 773 879 169 201
1030 41 1544 963 167 117
1030 45 644 672 154 187
1030 46 1537 770 217 226
1030 47 805 746 142 160
1030 48 495 743 233 212
1031 17 1081 803 197 275
1031 16 798 888 165 192
1031 41 1579 974 160 106
1031 45 664 680 151 185
1031 46 1564 778 220 228
1031 47 824 752 144 162
1031 48 514 750 236 214
1032 17 1101 809 198 271
1032 16 820 900 160 180
1032 41 1612 986 152 94
1032 45 676 689 151 183
1032 46 1584 784 226 235
1032 47 841 760 146 161
1032 48 532 759 235 213
1033 17 1124 821 191 259
1033 16 841 908 157 172
1033 41 1642 998 144 82
1033 45 681 695 152 181
1033 47 858 769 147 160
1033 48 551 768 233 211
1034 17 1146 829 189 251
1034 16 861 915 156 165
1034 41 1671 1006 138 74
1034 45 690 700 156 182
1034 47 876 775 148 161
1034 48 566 773 236 214
1035 17 1168 839 185 241
1035 16 881 923 154 157
1035 41 1697 1016 132 64
1035 45 704 705 159 183
1035 47 890 780 153 167
1035 48 582 779 237 215
1036 17 1187 848 181 232
1036 16 902 930 152 150
1036 45 736 711 155 179
1036 47 908 786 154 167
1036 48 598 786 237 214
1037 17 1211 858 178 222
1037 16 922 940 149 140
1037 45 756 717 158 185
1037 47 924 794 155 168
1037 48 614 792 237 216
1038 17 1232 869 174 211
1038 16 943 949 145 131
1038 45 759 721 159 184
1038 47 939 800 156 168
1038 48 628 798 238 217
1039 17 1257 876 174 204
1039 16 965 955 145 124
1039 45 796 723 133 151
1039 47 954 805 159 170
1039 48 645 801 239 219
1040 17 1282 882 174 198
1040 16 990 960 143 117
1040 45 788 726 160 179
1040 47 971 809 164 174
1040 48 659 803 246 225
1041 17 1305 891 172 189
1041 16 1013 971 139 108
1041 45 801 732 167 187
1041 47 990 815 165 176
1041 48 678 809 244 224
1042 17 1327 902 169 178
1042 16 1036 984 133 95
1042 45 813 739 167 183
1042 47 1004 823 172 185
1042 48 691 818 246 226
1043 17 1353 917 160 163
1043 16 1061 1000 122 80
1043 45 841 748 170 190
1043 47 1021 834 175 188
1043 48 705 831 248 227
1044 17 1382 935 152 145
1044 45 844 762 175 195
1044 47 1039 848 177 191
1044 48 723 847 247 226
1045 17 1417 954 140 125
1045 45 855 778 174 190
1045 47 1056 866 182 197
1045 48 744 864 237 216
1046 17 1448 975 128 104
1046 45 863 793 182 197
1046 47 1076 883 181 194
1046 48 762 882 225 198
1047 45 874 805 188 203
1047 47 1100 899 172 181
1047 48 782 896 216 184
1048 45 889 816 190 203
1048 47 1121 912 164 168
1048 48 799 909 206 171
1049 45 900 826 194 207
1049 47 1142 924 155 156
1049 48 821 921 198 159
1050 45 944 836 173 186
1050 47 1163 938 147 142
1050 48 835 931 193 149
1051 45 933 844 193 206
1051 47 1185 949 141 131
1051 48 850 941 188 139
1052 45 936 850 202 216
1052 47 1202 959 137 121
1052 48 861 951 186 129
1053 45 943 858 205 217
1053 47 1221 970 130 110
1053 48 894 961 177 119
1053 52 561 188 207 172
1054 45 967 864 179 183
1054 47 1239 980 126 100
1054 48 928 971 165 109
1054 52 566 191 210 174
1055 45 983 871 173 171
1055 47 1257 989 122 91
1055 48 943 981 158 99
1055 52 573 194 208 173
1056 45 993 880 182 177
1056 47 1280 1000 116 80
1056 48 967 993 145 86
1056 52 580 203 209 173
1057 45 1003 891 188 178
1057 48 989 1004 134 72
1057 52 584 208 216 178
1058 45 1016 900 190 177
1058 52 597 210 216 180
1059 45 1032 907 189 172
1059 52 611 211 216 179
1060 45 1044 911 192 169
1060 52 623 211 215 178
1061 45 1055 918 189 162
1061 52 632 213 219 182
1062 45 1062 930 183 150
1062 52 638 221 220 184
1063 45 1073 942 176 138
1063 52 643 229 220 183
1064 45 1083 951 170 129
1064 52 649 238 220 184
1065 45 1092 958 168 122
1066 45 1093 961 172 119
1067 45 1093 962 175 118
1068 45 1091 963 180 117
1069 45 1088 963 185 117
1070 45 1083 960 193 120
1071 45 1074 955 203 125
1072 45 1067 952 209 128
1073 45 1061 950 215 130
1074 45 1055 948 220 132
1075 45 1046 945 226 135
1076 45 1042 943 230 137
1077 45 1040 941 233 139
1078 45 1035 938 237 142
1079 45 1043 935 237 145
1080 45 1051 933 234 147
1081 45 1052 932 232 148
1082 45 1054 930 229 150
1083 45 1054 928 227 151
1084 45 1055 926 222 150
1085 45 1048 924 222 150
1086 45 1044 920 223 152
1087 45 1040 918 220 152
1088 45 1045 920 213 149
1089 45 1052 925 204 146
1090 45 1063 929 196 143
1091 45 1069 930 190 142
1092 45 1069 930 186 142
1092 53 1036 1021 177 54
1093 45 1078 932 179 139
1093 53 1031 1021 188 58
1094 45 1076 930 176 138
1094 53 1035 1018 191 59
1095 45 1089 929 169 137
1095 53 1038 1016 196 60
1096 45 1079 932 170 136
1096 53 1040 1019 194 60
1097 45 1088 938 164 132
1097 53 1052 1024 178 55
1098 45 1100 942 160 129
1098 53 1058 1028 169 52
1099 45 1095 942 160 129
1099 53 1062 1028 167 52
1100 45 1116 945 154 126
1100 53 1072 1029 157 49
1101 45 1103 951 152 123
1101 53 1078 1034 148 45
1102 45 1094 959 152 119
1103 45 1100 961 153 118
1104 45 1106 963 152 117
1105 45 1107 965 150 114
1106 45 1131 971 133 101
1107 45 1112 978 135 99
1108 45 1103 984 133 94
1109 45 1100 989 132 90
1110 45 1101 991 133 89
1111 45 1101 990 137 89
1112 45 1095 987 144 92
1113 45 1113 983 141 92
1114 45 1124 980 139 93
1115 45 1119 975 149 102
1116 45 1116 968 151 107
1117 45 1112 962 156 113
1118 45 1108 954 160 121
1119 45 1107 949 156 121
1120 45 1102 947 160 128
1121 45 1101 946 155 128
1122 45 1097 944 155 132
1123 45 1093 941 152 135
1124 45 1085 936 149 136
1125 45 1077 934 149 140
1125 54 1213 997 125 83
1126 54 1203 997 125 83
1127 54 1189 995 127 85
1128 54 1177 992 132 88
1129 54 1167 990 135 90
1129 55 986 986 138 91
1129 45 1057 924 109 100
1130 54 1158 988 136 92
1130 55 972 982 144 94
1130 45 1044 924 123 117
1131 54 1148 984 140 96
1131 55 969 982 143 95
1131 45 1028 924 141 140
1132 54 1141 985 138 95
1132 55 960 984 142 93
1132 45 1024 924 137 140
1133 54 1137 986 134 94
1133 55 956 986 139 92
1133 45 1031 926 110 111
1134 54 1133 988 131 91
1134 55 956 988 135 88
1134 45 1032 929 98 99
1135 54 1132 991 126 89
1136 54 1134 995 120 85
1137 54 1134 997 116 83
1138 54 1130 997 116 83
1139 54 1127 996 116 84
1140 54 1123 994 119 86
1141 54 1119 992 120 88
1142 54 1113 986 126 94
1143 54 1107 978 133 101
1144 54 1107 970 135 105
1144 55 938 968 160 110
1145 54 1109 959 129 102
1145 56 1280 987 138 93
1145 55 937 960 165 118
1146 54 1108 948 123 99
1146 56 1269 979 151 101
1146 55 933 950 169 127
1147 54 1107 937 121 99
1147 56 1256 965 168 114
1147 55 933 940 171 133
1148 54 1109 925 115 95
1148 56 1245 953 183 126
1148 55 937 928 161 129
1149 54 1113 910 107 89
1149 56 1231 937 203 142
1149 55 931 912 159 130
1150 54 1113 898 105 87
1150 56 1225 926 209 150
1150 55 940 899 154 129
1150 57 1514 1012 154 68
1151 54 1116 889 98 82
1151 56 1221 917 212 156
1151 55 944 891 148 127
1151 57 1501 1004 169 75
1152 54 1116 881 98 82
1152 56 1221 909 208 158
1152 55 946 881 147 130
1152 57 1485 993 192 86
1153 54 1116 874 96 81
1153 56 1224 901 201 158
1153 55 953 876 137 125
1153 57 1474 982 213 97
1154 54 1119 866 93 78
1154 56 1226 890 195 158
1154 55 954 866 137 126
1154 57 1464 969 237 110
1155 54 1118 857 95 79
1155 56 1229 881 188 157
1155 55 958 860 130 121
1155 57 1450 959 253 120
1156 54 1115 851 98 82
1156 56 1230 874 181 156
1156 55 960 855 127 119
1156 57 1441 952 260 128
1157 54 1116 848 94 80
1157 56 1231 870 175 156
1157 55 960 852 126 120
1157 57 1438 948 259 132
1158 54 1112 848 100 85
1158 56 1232 870 169 156
1158 55 960 852 123 119
1158 57 1439 947 252 133
1159 54 1112 851 100 85
1159 56 1235 875 162 155
1159 55 959 855 123 121
1159 57 1445 949 241 131
1160 54 1115 853 96 83
1160 56 1237 878 159 156
1160 55 958 859 123 121
1160 57 1452 953 226 127
1161 54 1117 857 93 80
1161 56 1240 881 155 157
1161 55 960 860 123 123
1161 57 1465 958 212 122
1162 54 1117 860 93 79
1162 56 1244 884 152 157
1162 55 959 862 124 124
1162 57 1471 961 202 119
1163 54 1117 860 93 80
1163 56 1247 885 148 157
1163 55 961 862 122 124
1163 57 1476 963 193 117
1164 54 1120 861 92 79
1164 56 1251 887 144 156
1164 55 963 863 121 124
1164 57 1483 966 184 114
1165 54 1122 863 92 79
1165 56 1255 890 141 155
1165 55 962 863 123 126
1165 57 1495 970 174 110
1166 54 1122 865 95 80
1166 56 1260 890 139 156
1166 55 961 863 123 128
1166 57 1506 973 168 107
1167 56 1263 892 137 156
1167 55 961 865 122 128
1167 57 1514 975 164 105
1167 58 1592 889 141 143
1168 56 1266 895 137 159
1168 55 963 868 120 126
1168 57 1524 980 156 100
1169 56 1267 898 139 164
1169 55 963 870 122 129
1169 57 1533 985 150 95
1169 59 1026 831 87 71
1170 56 1269 901 138 165
1170 55 964 873 120 128
1170 57 1537 988 145 92
1170 59 1030 832 80 65
1171 56 1271 902 138 168
1171 55 963 875 122 130
1171 57 1543 992 139 88
1171 59 1023 833 94 77
1172 56 1272 903 137 169
1172 55 959 876 123 131
1172 57 1547 995 134 85
1172 59 1025 834 87 71
1172 54 1115 874 108 94
1173 56 1273 906 135 168
1173 55 955 876 125 134
1173 57 1553 1000 128 80
1173 59 1019 834 89 72
1173 54 1116 876 106 91
1174 56 1278 908 134 168
1174 55 947 880 128 136
1174 57 1564 1002 126 78
1174 59 1015 835 102 84
1174 54 1117 878 107 92
1175 56 1283 912 131 166
1175 55 950 884 128 136
1175 57 1576 1008 120 72
1175 59 1011 838 110 90
1175 54 1118 883 111 98
1175 60 1101 958 126 122
1176 56 1290 921 126 159
1176 55 950 890 131 140
1176 57 1590 1017 110 63
1176 59 1014 843 105 88
1176 54 1118 890 112 100
1176 60 1107 967 117 113
1177 56 1295 926 122 154
1177 55 950 899 130 140
1177 57 1601 1024 102 56
1177 59 1015 851 104 86
1177 54 1119 897 112 99
1177 60 1111 976 109 104
1178 56 1299 928 122 152
1178 55 947 903 131 140
1178 57 1611 1027 101 53
1178 59 1010 854 115 97
1178 54 1120 900 114 102
1178 60 1116 980 105 100
1179 56 1305 929 123 151
1179 55 951 905 130 140
1179 57 1621 1029 103 51
1179 59 1023 854 93 78
1179 54 1123 900 115 103
1179 60 1121 983 104 97
1180 56 1314 931 122 149
1180 55 956 908 129 139
1180 57 1635 1033 101 47
1180 59 1022 855 101 84
1180 54 1129 902 114 103
1180 60 1126 985 104 95
1181 56 1325 938 118 141
1181 55 960 914 131 141
1181 59 1026 859 103 86
1181 54 1133 906 117 106
1181 60 1136 994 96 86
1182 56 1335 947 114 133
1182 55 964 921 133 144
1182 59 1028 867 107 92
1182 54 1139 915 119 107
1182 60 1145 1000 92 80
1183 56 1346 955 110 125
1183 55 966 929 134 145
1183 59 1039 873 99 84
1183 54 1145 922 121 110
1183 60 1159 1009 81 66
1184 56 1359 963 107 117
1184 55 964 935 136 144
1184 59 1045 879 100 86
1184 54 1150 928 124 113
1184 60 1169 1012 79 63
1185 56 1367 966 108 114
1185 55 973 939 135 141
1185 59 1021 882 156 138
1185 54 1158 933 122 112
1186 56 1373 967 110 113
1186 55 982 940 134 140
1186 59 1024 883 159 147
1186 54 1163 934 125 116
1187 56 1380 971 110 109
1187 55 988 942 132 138
1187 59 1033 884 153 146
1187 54 1168 936 126 117
1188 56 1385 970 114 110
1188 55 978 940 138 140
1188 59 1040 883 146 143
1188 54 1170 935 129 120
1189 56 1393 971 116 109
1189 55 976 937 143 143
1189 59 1041 879 147 147
1189 54 1175 932 131 122
1190 56 1401 973 117 107
1190 55 977 936 145 144
1190 59 1048 878 144 148
1190 54 1180 931 132 123
1191 56 1406 976 118 104
1191 55 978 940 145 140
1191 59 1051 881 142 148
1191 54 1184 935 131 123
1192 56 1414 981 116 99
1192 55 978 943 145 137
1192 59 1052 883 141 151
1192 54 1187 939 131 123
1193 56 1420 983 117 97
1193 55 980 944 146 136
1193 59 1053 883 144 157
1193 54 1190 942 133 126
1194 56 1425 979 125 101
1194 55 980 942 150 138
1194 59 1058 881 139 154
1194 54 1194 939 133 127
1195 56 1428 978 129 102
1195 55 978 940 154 140
1195 59 1062 878 134 151
1195 54 1195 938 137 130
1196 56 1431 979 131 101
1196 55 976 941 156 139
1196 59 1062 878 134 153
1196 54 1194 940 140 135
1197 55 975 944 156 136
1197 59 1060 880 136 159
1197 54 1196 944 141 135
1198 55 975 949 153 131
1198 59 1060 884 135 158
1198 54 1201 948 136 132
1199 55 974 955 150 125
1199 59 1060 891 132 155
1199 54 1205 956 130 124
1200 55 980 969 139 111
1200 59 1062 899 126 151
1200 54 1212 969 120 111
1201 55 998 985 125 95
1201 59 1069 912 115 136
1201 54 1222 983 109 97
1202 55 1005 1001 108 77
1202 59 1075 928 107 125
1202 54 1234 998 96 82
1203 55 1022 1022 90 57
1203 59 1073 944 110 127
1204 59 1076 956 104 119
1205 59 1086 969 98 108
1206 59 1068 979 100 101
1207 59 1066 989 99 91
1208 59 1079 997 97 83
1209 59 1091 1005 95 75
1210 59 1106 1011 91 69
1211 59 1119 1019 84 61
1212 59 1134 1033 71 47
1213 59 1134 1033 71 47
1214 59 1134 1033 71 47
1215 59 1134 1033 71 47
1216 59 1134 1033 71 47
1217 62 705 471 189 157
1218 62 709 468 190 158
1219 62 717 463 192 159
1220 62 724 458 194 161
1221 62 730 450 198 165
1222 62 730 450 198 165
1223 62 730 450 198 165
1224 62 730 450 198 165
1225 62 730 450 198 165
1226 62 756 429 209 174
1227 62 756 429 209 174
1228 62 771 413 223 185
1229 62 780 404 231 193
1230 62 787 398 237 198
1231 62 798 397 236 197
1232 62 804 399 241 201
1233 62 808 401 245 205
1234 62 814 402 250 209
1235 62 814 402 250 209
1236 62 826 404 254 213
1237 62 833 407 257 216
1238 62 839 406 261 220
1239 62 841 403 268 224
1240 62 841 403 271 227
1241 62 839 405 276 232
1242 62 836 408 279 235
1243 62 830 408 285 239
1244 62 828 406 290 244
1245 62 823 403 296 249
1246 62 818 401 301 255
1247 62 812 400 307 258
1248 62 806 397 312 263
1249 62 798 391 319 269
1250 62 785 382 328 277
1251 62 775 373 335 284
1252 62 767 365 343 291
1253 62 751 358 350 298
1254 62 736 353 358 305
1255 62 725 352 367 313
1256 62 715 352 373 319
1257 62 707 350 383 327
1258 62 706 346 393 337
1259 62 703 344 404 347
1260 62 702 344 414 356
1261 62 703 343 423 365
1262 62 701 342 431 372
1263 62 688 337 447 388
1264 62 678 329 458 398
1265 62 672 324 466 406
1266 62 664 317 474 414
1267 62 652 310 486 425
1268 62 642 308 497 435
1269 62 629 304 509 446
1270 62 614 298 523 458
1271 62 600 293 537 471
1272 62 584 285 551 484
1273 62 568 276 564 497
1274 62 552 266 582 512
1275 62 537 258 598 527
1276 62 524 249 609 540
1277 62 510 234 624 554
1278 62 498 212 643 572
1279 62 486 187 662 590
1280 62 471 162 679 608
1281 62 459 137 697 625
1282 62 447 112 716 644
1283 62 434 91 735 663
1284 62 421 78 750 680
1285 62 407 67 764 695
1286 62 392 55 779 711
1287 62 376 46 794 728
1288 62 361 42 809 744
1289 62 345 41 825 762
1290 62 331 43 840 778
1291 62 317 45 855 794
1292 62 303 47 870 812
1293 62 290 46 882 826
1294 62 277 43 897 842
1295 62 265 42 911 858
1296 62 250 40 925 873
1297 62 238 33 941 890
1298 62 226 18 958 907
1299 62 219 5 966 917
1300 62 215 1 967 917
1301 62 207 0 970 917
1302 62 194 0 974 917
1303 62 191 0 974 913
1304 62 191 1 975 909
1305 62 189 1 976 905
1306 62 186 2 981 903
1307 62 185 3 985 901
1308 62 186 5 991 899
1309 62 190 6 996 896
1310 62 194 7 1000 891
1311 62 198 7 1007 888
1312 62 200 7 1021 892
1313 62 197 8 1041 902
1314 62 189 9 1071 923
1315 62 179 9 1106 951
1316 62 166 10 1143 981
1317 62 156 12 1174 1010
1318 62 147 12 1206 1038
1319 62 143 10 1224 1054
1320 62 143 10 1224 1054
1321 62 143 10 1224 1054
1322 62 153 6 1238 1061
1323 62 147 4 1243 1062
1324 62 126 4 1247 1061
1325 62 117 3 1250 1060
1326 62 110 4 1258 1059
1327 62 104 4 1265 1059
1328 62 104 4 1265 1059
1329 62 104 4 1265 1059
1330 62 104 4 1265 1059
1331 62 104 4 1265 1059
1332 62 104 4 1265 1059
1333 62 104 4 1265 1059
1334 62 104 4 1265 1059
1335 62 104 4 1265 1059
1336 62 104 4 1265 1059
1337 62 104 4 1265 1059
1338 62 104 4 1265 1059
1339 62 104 4 1265 1059
1340 62 104 4 1265 1059
1341 62 104 4 1265 1059
1342 62 104 4 1265 1059
1343 62 104 4 1265 1059
1344 62 104 4 1265 1059
1345 62 104 4 1265 1059
1346 62 104 4 1265 1059
1347 62 104 4 1265 1059
1348 62 104 4 1265 1059
1349 62 67 4 1280 1062
1350 62 45 4 1288 1062
1351 62 31 3 1295 1063
1352 62 24 3 1302 1063
1353 62 19 3 1305 1063
1354 62 16 6 1303 1059
1355 62 13 10 1301 1056
1356 62 8 12 1294 1050
1357 62 8 13 1294 1051
1358 62 3 14 1288 1048
1359 62 2 14 1278 1043
1360 62 0 13 1273 1045
1361 62 0 14 1266 1045
1362 62 0 16 1258 1046
1363 62 0 20 1243 1043
1364 62 0 24 1228 1042
1365 62 0 25 1217 1042
1366 62 0 23 1206 1045
1367 62 0 22 1195 1048
1368 62 0 26 1185 1044
1369 62 0 29 1173 1041
1370 62 0 33 1158 1031
1371 62 2 36 1140 1020
1372 62 11 39 1116 1006
1373 62 21 42 1093 993
1374 62 33 46 1072 979
1375 62 45 50 1053 966
1376 62 59 55 1036 955
1377 62 70 61 1020 943
1378 62 81 67 1006 933
1379 62 93 77 992 922
1380 62 109 88 975 909
1381 62 126 91 962 899
1382 62 139 90 953 892
1383 62 148 91 945 887
1384 62 160 101 933 878
1385 62 167 116 920 866
